{
  "nbformat": 4,
  "nbformat_minor": 0,
  "metadata": {
    "colab": {
      "name": "Code2_Swapnil_Betkar.ipynb",
      "provenance": [],
      "collapsed_sections": [],
      "authorship_tag": "ABX9TyO/xuDAZcP5HEe0G1uM+cfQ",
      "include_colab_link": true
    },
    "kernelspec": {
      "name": "python3",
      "display_name": "Python 3"
    }
  },
  "cells": [
    {
      "cell_type": "markdown",
      "metadata": {
        "id": "view-in-github",
        "colab_type": "text"
      },
      "source": [
        "<a href=\"https://colab.research.google.com/github/swapnilbetkar/python/blob/Dev_Self/Code2_Swapnil_Betkar.ipynb\" target=\"_parent\"><img src=\"https://colab.research.google.com/assets/colab-badge.svg\" alt=\"Open In Colab\"/></a>"
      ]
    },
    {
      "cell_type": "code",
      "metadata": {
        "colab": {
          "base_uri": "https://localhost:8080/"
        },
        "id": "D310KmzLseS8",
        "outputId": "03a836f2-e8d7-45a4-bc9d-a1d70158da50"
      },
      "source": [
        "    from google.colab import drive\n",
        "drive.mount('/content/drive/', force_remount=True)"
      ],
      "execution_count": 38,
      "outputs": [
        {
          "output_type": "stream",
          "text": [
            "Mounted at /content/drive/\n"
          ],
          "name": "stdout"
        }
      ]
    },
    {
      "cell_type": "code",
      "metadata": {
        "id": "_4Q1hu9Gs2ZA"
      },
      "source": [
        "import numpy as np\n",
        "import pandas as pd\n",
        "from sklearn.preprocessing import StandardScaler\n",
        "from sklearn.model_selection import GridSearchCV\n",
        "from sklearn import metrics\n",
        "from sklearn.ensemble import RandomForestRegressor\n",
        "from sklearn.linear_model import SGDRegressor\n",
        "import plotly.graph_objs as go\n",
        "import plotly.figure_factory as ff\n",
        "from imblearn.pipeline import Pipeline\n",
        "from imblearn.over_sampling import SMOTE"
      ],
      "execution_count": 39,
      "outputs": []
    },
    {
      "cell_type": "code",
      "metadata": {
        "colab": {
          "base_uri": "https://localhost:8080/"
        },
        "id": "8b9EUylRtG96",
        "outputId": "908c3329-ba7d-478f-b32f-cd95d97434e4"
      },
      "source": [
        "dataset = pd.read_csv(\"/content/drive/MyDrive/Datasets/CompletionRates.csv\")\n",
        "pd.set_option('display.max_columns', None) # to make sure you can see all the columns in output window\n",
        "print(dataset.info())"
      ],
      "execution_count": 40,
      "outputs": [
        {
          "output_type": "stream",
          "text": [
            "<class 'pandas.core.frame.DataFrame'>\n",
            "RangeIndex: 14300 entries, 0 to 14299\n",
            "Data columns (total 20 columns):\n",
            " #   Column          Non-Null Count  Dtype  \n",
            "---  ------          --------------  -----  \n",
            " 0   HIGH_DEG        14300 non-null  int64  \n",
            " 1   INST_TYPE       14300 non-null  int64  \n",
            " 2   INST_EXP_PS     14300 non-null  int64  \n",
            " 3   AVG_FAC_SAL_PM  14300 non-null  int64  \n",
            " 4   TS              14300 non-null  int64  \n",
            " 5   TS_MEN          14300 non-null  float64\n",
            " 6   TS_WOM          14300 non-null  float64\n",
            " 7   TS_MAR          14300 non-null  float64\n",
            " 8   TS_DPEN         14300 non-null  float64\n",
            " 9   TS_VET          14300 non-null  float64\n",
            " 10  PER_PT          14300 non-null  float64\n",
            " 11  ST_FI_LO        14300 non-null  float64\n",
            " 12  ST_FI_M1        14300 non-null  float64\n",
            " 13  ST_FI_M2        14300 non-null  float64\n",
            " 14  ST_FI_H1        14300 non-null  float64\n",
            " 15  ST_FI_H2        14300 non-null  float64\n",
            " 16  HL_ED_P_MS      14300 non-null  float64\n",
            " 17  HL_ED_P_HS      14300 non-null  float64\n",
            " 18  HL_ED_P_PS      14300 non-null  float64\n",
            " 19  HECR            14300 non-null  float64\n",
            "dtypes: float64(15), int64(5)\n",
            "memory usage: 2.2 MB\n",
            "None\n"
          ],
          "name": "stdout"
        }
      ]
    },
    {
      "cell_type": "code",
      "metadata": {
        "colab": {
          "base_uri": "https://localhost:8080/",
          "height": 542
        },
        "id": "66kqEPAWtna4",
        "outputId": "5ecf4568-4c37-4bf5-8893-81e61af4b0ef"
      },
      "source": [
        "corrs = dataset.corr()\n",
        "figure = ff.create_annotated_heatmap(\n",
        "    z=corrs.values,\n",
        "    x=list(corrs.columns),\n",
        "    y=list(corrs.index),\n",
        "    annotation_text=corrs.round(2).values,\n",
        "    showscale=True)\n",
        "figure.show()"
      ],
      "execution_count": 41,
      "outputs": [
        {
          "output_type": "display_data",
          "data": {
            "text/html": [
              "<html>\n",
              "<head><meta charset=\"utf-8\" /></head>\n",
              "<body>\n",
              "    <div>\n",
              "            <script src=\"https://cdnjs.cloudflare.com/ajax/libs/mathjax/2.7.5/MathJax.js?config=TeX-AMS-MML_SVG\"></script><script type=\"text/javascript\">if (window.MathJax) {MathJax.Hub.Config({SVG: {font: \"STIX-Web\"}});}</script>\n",
              "                <script type=\"text/javascript\">window.PlotlyConfig = {MathJaxConfig: 'local'};</script>\n",
              "        <script src=\"https://cdn.plot.ly/plotly-latest.min.js\"></script>    \n",
              "            <div id=\"2c77bbee-2a89-4398-8851-574a6963b943\" class=\"plotly-graph-div\" style=\"height:525px; width:100%;\"></div>\n",
              "            <script type=\"text/javascript\">\n",
              "                \n",
              "                    window.PLOTLYENV=window.PLOTLYENV || {};\n",
              "                    \n",
              "                if (document.getElementById(\"2c77bbee-2a89-4398-8851-574a6963b943\")) {\n",
              "                    Plotly.newPlot(\n",
              "                        '2c77bbee-2a89-4398-8851-574a6963b943',\n",
              "                        [{\"colorscale\": [[0.0, \"#0d0887\"], [0.1111111111111111, \"#46039f\"], [0.2222222222222222, \"#7201a8\"], [0.3333333333333333, \"#9c179e\"], [0.4444444444444444, \"#bd3786\"], [0.5555555555555556, \"#d8576b\"], [0.6666666666666666, \"#ed7953\"], [0.7777777777777778, \"#fb9f3a\"], [0.8888888888888888, \"#fdca26\"], [1.0, \"#f0f921\"]], \"reversescale\": false, \"showscale\": true, \"type\": \"heatmap\", \"x\": [\"HIGH_DEG\", \"INST_TYPE\", \"INST_EXP_PS\", \"AVG_FAC_SAL_PM\", \"TS\", \"TS_MEN\", \"TS_WOM\", \"TS_MAR\", \"TS_DPEN\", \"TS_VET\", \"PER_PT\", \"ST_FI_LO\", \"ST_FI_M1\", \"ST_FI_M2\", \"ST_FI_H1\", \"ST_FI_H2\", \"HL_ED_P_MS\", \"HL_ED_P_HS\", \"HL_ED_P_PS\", \"HECR\"], \"y\": [\"HIGH_DEG\", \"INST_TYPE\", \"INST_EXP_PS\", \"AVG_FAC_SAL_PM\", \"TS\", \"TS_MEN\", \"TS_WOM\", \"TS_MAR\", \"TS_DPEN\", \"TS_VET\", \"PER_PT\", \"ST_FI_LO\", \"ST_FI_M1\", \"ST_FI_M2\", \"ST_FI_H1\", \"ST_FI_H2\", \"HL_ED_P_MS\", \"HL_ED_P_HS\", \"HL_ED_P_PS\", \"HECR\"], \"z\": [[1.0, -0.39144027947432125, 0.18753887957146367, 0.3758702363615185, 0.30223364467279873, -0.13597756585820306, 0.13597736572034066, -0.18042078400109163, 0.2935415334667332, -0.27171413389811166, -0.14033788287723847, -0.35692866335703727, -0.12124960301055256, 0.25208216321347626, 0.30147730277474666, 0.3105726337671169, -0.2216204246809089, -0.3030923185001151, 0.3194702159482369, 0.15833102178851075], [-0.39144027947432125, 1.0, -0.10424492262303299, -0.4308998085648032, -0.4992445835649881, 0.019427252277870316, -0.019426910698763955, 0.4412655895553897, -0.5718313169593154, 0.4326438670595838, 0.19680543020129745, 0.3226463281311787, 0.13762264755780348, -0.25864298806382, -0.30775244619842995, -0.2588365818627177, 0.2919926089591152, 0.2845937036655829, -0.32207108616444896, 0.022437604530499075], [0.18753887957146367, -0.10424492262303299, 1.0, 0.5656312006715394, 0.21347314920683572, 0.06612331916070878, -0.06612341974207145, -0.25432206080086917, 0.19905809260066726, -0.2111024575700704, -0.22251040982733894, -0.15869941401491863, -0.22935685643488612, -0.07361381997436267, 0.02396545540954635, 0.3191675326117892, -0.13731262876008182, -0.4680169697929506, 0.4393353631527846, 0.4706618759788804], [0.3758702363615185, -0.4308998085648032, 0.5656312006715394, 1.0, 0.5549954178191383, 0.13053014197669902, -0.13053040106465463, -0.4749215009571603, 0.4260271756858668, -0.4221095715112838, -0.23215203887169222, -0.24968062733991644, -0.3050404765391126, -0.10239550935407538, 0.0577559263915762, 0.46875226237338113, -0.1372246543388887, -0.5684701755205007, 0.5258462262885726, 0.4409892638709123], [0.30223364467279873, -0.4992445835649881, 0.21347314920683572, 0.5549954178191383, 1.0, 0.1207619710696047, -0.1207623053343357, -0.3173377937204558, 0.31644043029192975, -0.2618777035525761, -0.1052706961966738, -0.09419621465377576, -0.17045867246387952, -0.08756292390801006, 0.00015935871342863094, 0.22320939297004172, -0.07874949467338983, -0.3540772003425296, 0.32575780362136636, 0.27227763744281996], [-0.13597756585820306, 0.019427252277870316, 0.06612331916070878, 0.13053014197669902, 0.1207619710696047, 1.0, -0.9999999998187287, -0.13864246251450937, 0.12814074246429388, 0.31428443141866064, -0.2051916864978639, -0.023501041244685605, -0.09740852776838174, -0.044442506846391734, -0.0006813338868539306, 0.08094750661764713, -0.06756499664293927, -0.128588053957293, 0.12856724136418426, 0.052950540079975794], [0.13597736572034066, -0.019426910698763955, -0.06612341974207145, -0.13053040106465463, -0.1207623053343357, -0.9999999998187287, 1.0, 0.13864266780307327, -0.12814089869009634, -0.31428404678852073, 0.20519156322818966, 0.023501082640248284, 0.09740873236556186, 0.04444264972273888, 0.000681235811317696, -0.08094762519219086, 0.06756506313930366, 0.12858816764670497, -0.1285673568157149, -0.05295066212437024], [-0.18042078400109163, 0.4412655895553897, -0.25432206080086917, -0.4749215009571603, -0.3173377937204558, -0.13864246251450937, 0.13864266780307327, 1.0, -0.8761555653295191, 0.5841677078537495, 0.5054908563005934, 0.37144396049648376, 0.5115049221134664, 0.018303023017188915, -0.2967879320457742, -0.5492470817335744, 0.3492025548991308, 0.5078769074559313, -0.5294846131699744, -0.2986039840553705], [0.2935415334667332, -0.5718313169593154, 0.19905809260066726, 0.4260271756858668, 0.31644043029192975, 0.12814074246429388, -0.12814089869009634, -0.8761555653295191, 1.0, -0.5617152724114546, -0.5519374598965587, -0.6403172743725742, -0.4705525215009817, 0.3171742927212176, 0.5610909444109666, 0.6708119113119942, -0.5084944428724236, -0.5647484901654474, 0.6204338274700998, 0.3084553732969358], [-0.27171413389811166, 0.4326438670595838, -0.2111024575700704, -0.4221095715112838, -0.2618777035525761, 0.31428443141866064, -0.31428404678852073, 0.5841677078537495, -0.5617152724114546, 1.0, 0.2574400727762035, 0.2580884539158543, 0.36695236153030547, -0.021543378441407964, -0.21048739415823128, -0.37101544624639743, 0.24263794319617468, 0.3934490174929361, -0.40284283305827473, -0.20919192239743745], [-0.14033788287723847, 0.19680543020129745, -0.22251040982733894, -0.23215203887169222, -0.1052706961966738, -0.2051916864978639, 0.20519156322818966, 0.5054908563005934, -0.5519374598965587, 0.2574400727762035, 1.0, 0.34160212982965504, 0.3941240434599583, -0.11873855883890021, -0.2998384553118289, -0.4194688819168155, 0.26589217260318715, 0.4047285353214886, -0.41868465404998223, -0.37134007421473453], [-0.35692866335703727, 0.3226463281311787, -0.15869941401491863, -0.24968062733991644, -0.09419621465377576, -0.023501041244685605, 0.023501082640248284, 0.37144396049648376, -0.6403172743725742, 0.2580884539158543, 0.34160212982965504, 1.0, 0.39401577948523636, -0.7074611018786839, -0.9193701701232513, -0.8440921244541189, 0.6125679261458971, 0.48400097284087296, -0.5782882597664708, -0.3926698782195688], [-0.12124960301055256, 0.13762264755780348, -0.22935685643488612, -0.3050404765391126, -0.17045867246387952, -0.09740852776838174, 0.09740873236556186, 0.5115049221134664, -0.4705525215009817, 0.36695236153030547, 0.3941240434599583, 0.39401577948523636, 1.0, 0.09081178948137716, -0.42441810183774303, -0.6871661281289885, 0.42074225420686806, 0.45798276063720805, -0.5053477602004277, -0.4345029010063882], [0.25208216321347626, -0.25864298806382, -0.07361381997436267, -0.10239550935407538, -0.08756292390801006, -0.044442506846391734, 0.04444264972273888, 0.018303023017188915, 0.3171742927212176, -0.021543378441407964, -0.11873855883890021, -0.7074611018786839, 0.09081178948137716, 1.0, 0.7513385163214883, 0.25300418551554266, -0.3668825260134744, -0.05498294337474696, 0.14400227976014512, 0.01115816956940045], [0.30147730277474666, -0.30775244619842995, 0.02396545540954635, 0.0577559263915762, 0.00015935871342863094, -0.0006813338868539306, 0.000681235811317696, -0.2967879320457742, 0.5610909444109666, -0.21048739415823128, -0.2998384553118289, -0.9193701701232513, -0.42441810183774303, 0.7513385163214883, 1.0, 0.6726276581866166, -0.6122260643023524, -0.2806720180635713, 0.40304327389233174, 0.24766242700677565], [0.3105726337671169, -0.2588365818627177, 0.3191675326117892, 0.46875226237338113, 0.22320939297004172, 0.08094750661764713, -0.08094762519219086, -0.5492470817335744, 0.6708119113119942, -0.37101544624639743, -0.4194688819168155, -0.8440921244541189, -0.6871661281289885, 0.25300418551554266, 0.6726276581866166, 1.0, -0.567837913000347, -0.6840301908835112, 0.7388186632538508, 0.5746878499885744], [-0.2216204246809089, 0.2919926089591152, -0.13731262876008182, -0.1372246543388887, -0.07874949467338983, -0.06756499664293927, 0.06756506313930366, 0.3492025548991308, -0.5084944428724236, 0.24263794319617468, 0.26589217260318715, 0.6125679261458971, 0.42074225420686806, -0.3668825260134744, -0.6122260643023524, -0.567837913000347, 1.0, 0.4154743418910162, -0.6213077251372946, -0.21229319339856365], [-0.3030923185001151, 0.2845937036655829, -0.4680169697929506, -0.5684701755205007, -0.3540772003425296, -0.128588053957293, 0.12858816764670497, 0.5078769074559313, -0.5647484901654474, 0.3934490174929361, 0.4047285353214886, 0.48400097284087296, 0.45798276063720805, -0.05498294337474696, -0.2806720180635713, -0.6840301908835112, 0.4154743418910162, 1.0, -0.9708734904003478, -0.5381258469348897], [0.3194702159482369, -0.32207108616444896, 0.4393353631527846, 0.5258462262885726, 0.32575780362136636, 0.12856724136418426, -0.1285673568157149, -0.5294846131699744, 0.6204338274700998, -0.40284283305827473, -0.41868465404998223, -0.5782882597664708, -0.5053477602004277, 0.14400227976014512, 0.40304327389233174, 0.7388186632538508, -0.6213077251372946, -0.9708734904003478, 1.0, 0.519479803150396], [0.15833102178851075, 0.022437604530499075, 0.4706618759788804, 0.4409892638709123, 0.27227763744281996, 0.052950540079975794, -0.05295066212437024, -0.2986039840553705, 0.3084553732969358, -0.20919192239743745, -0.37134007421473453, -0.3926698782195688, -0.4345029010063882, 0.01115816956940045, 0.24766242700677565, 0.5746878499885744, -0.21229319339856365, -0.5381258469348897, 0.519479803150396, 1.0]]}],\n",
              "                        {\"annotations\": [{\"font\": {\"color\": \"#000000\"}, \"showarrow\": false, \"text\": \"1.0\", \"x\": \"HIGH_DEG\", \"xref\": \"x\", \"y\": \"HIGH_DEG\", \"yref\": \"y\"}, {\"font\": {\"color\": \"#FFFFFF\"}, \"showarrow\": false, \"text\": \"-0.39\", \"x\": \"INST_TYPE\", \"xref\": \"x\", \"y\": \"HIGH_DEG\", \"yref\": \"y\"}, {\"font\": {\"color\": \"#000000\"}, \"showarrow\": false, \"text\": \"0.19\", \"x\": \"INST_EXP_PS\", \"xref\": \"x\", \"y\": \"HIGH_DEG\", \"yref\": \"y\"}, {\"font\": {\"color\": \"#000000\"}, \"showarrow\": false, \"text\": \"0.38\", \"x\": \"AVG_FAC_SAL_PM\", \"xref\": \"x\", \"y\": \"HIGH_DEG\", \"yref\": \"y\"}, {\"font\": {\"color\": \"#000000\"}, \"showarrow\": false, \"text\": \"0.3\", \"x\": \"TS\", \"xref\": \"x\", \"y\": \"HIGH_DEG\", \"yref\": \"y\"}, {\"font\": {\"color\": \"#FFFFFF\"}, \"showarrow\": false, \"text\": \"-0.14\", \"x\": \"TS_MEN\", \"xref\": \"x\", \"y\": \"HIGH_DEG\", \"yref\": \"y\"}, {\"font\": {\"color\": \"#000000\"}, \"showarrow\": false, \"text\": \"0.14\", \"x\": \"TS_WOM\", \"xref\": \"x\", \"y\": \"HIGH_DEG\", \"yref\": \"y\"}, {\"font\": {\"color\": \"#FFFFFF\"}, \"showarrow\": false, \"text\": \"-0.18\", \"x\": \"TS_MAR\", \"xref\": \"x\", \"y\": \"HIGH_DEG\", \"yref\": \"y\"}, {\"font\": {\"color\": \"#000000\"}, \"showarrow\": false, \"text\": \"0.29\", \"x\": \"TS_DPEN\", \"xref\": \"x\", \"y\": \"HIGH_DEG\", \"yref\": \"y\"}, {\"font\": {\"color\": \"#FFFFFF\"}, \"showarrow\": false, \"text\": \"-0.27\", \"x\": \"TS_VET\", \"xref\": \"x\", \"y\": \"HIGH_DEG\", \"yref\": \"y\"}, {\"font\": {\"color\": \"#FFFFFF\"}, \"showarrow\": false, \"text\": \"-0.14\", \"x\": \"PER_PT\", \"xref\": \"x\", \"y\": \"HIGH_DEG\", \"yref\": \"y\"}, {\"font\": {\"color\": \"#FFFFFF\"}, \"showarrow\": false, \"text\": \"-0.36\", \"x\": \"ST_FI_LO\", \"xref\": \"x\", \"y\": \"HIGH_DEG\", \"yref\": \"y\"}, {\"font\": {\"color\": \"#FFFFFF\"}, \"showarrow\": false, \"text\": \"-0.12\", \"x\": \"ST_FI_M1\", \"xref\": \"x\", \"y\": \"HIGH_DEG\", \"yref\": \"y\"}, {\"font\": {\"color\": \"#000000\"}, \"showarrow\": false, \"text\": \"0.25\", \"x\": \"ST_FI_M2\", \"xref\": \"x\", \"y\": \"HIGH_DEG\", \"yref\": \"y\"}, {\"font\": {\"color\": \"#000000\"}, \"showarrow\": false, \"text\": \"0.3\", \"x\": \"ST_FI_H1\", \"xref\": \"x\", \"y\": \"HIGH_DEG\", \"yref\": \"y\"}, {\"font\": {\"color\": \"#000000\"}, \"showarrow\": false, \"text\": \"0.31\", \"x\": \"ST_FI_H2\", \"xref\": \"x\", \"y\": \"HIGH_DEG\", \"yref\": \"y\"}, {\"font\": {\"color\": \"#FFFFFF\"}, \"showarrow\": false, \"text\": \"-0.22\", \"x\": \"HL_ED_P_MS\", \"xref\": \"x\", \"y\": \"HIGH_DEG\", \"yref\": \"y\"}, {\"font\": {\"color\": \"#FFFFFF\"}, \"showarrow\": false, \"text\": \"-0.3\", \"x\": \"HL_ED_P_HS\", \"xref\": \"x\", \"y\": \"HIGH_DEG\", \"yref\": \"y\"}, {\"font\": {\"color\": \"#000000\"}, \"showarrow\": false, \"text\": \"0.32\", \"x\": \"HL_ED_P_PS\", \"xref\": \"x\", \"y\": \"HIGH_DEG\", \"yref\": \"y\"}, {\"font\": {\"color\": \"#000000\"}, \"showarrow\": false, \"text\": \"0.16\", \"x\": \"HECR\", \"xref\": \"x\", \"y\": \"HIGH_DEG\", \"yref\": \"y\"}, {\"font\": {\"color\": \"#FFFFFF\"}, \"showarrow\": false, \"text\": \"-0.39\", \"x\": \"HIGH_DEG\", \"xref\": \"x\", \"y\": \"INST_TYPE\", \"yref\": \"y\"}, {\"font\": {\"color\": \"#000000\"}, \"showarrow\": false, \"text\": \"1.0\", \"x\": \"INST_TYPE\", \"xref\": \"x\", \"y\": \"INST_TYPE\", \"yref\": \"y\"}, {\"font\": {\"color\": \"#FFFFFF\"}, \"showarrow\": false, \"text\": \"-0.1\", \"x\": \"INST_EXP_PS\", \"xref\": \"x\", \"y\": \"INST_TYPE\", \"yref\": \"y\"}, {\"font\": {\"color\": \"#FFFFFF\"}, \"showarrow\": false, \"text\": \"-0.43\", \"x\": \"AVG_FAC_SAL_PM\", \"xref\": \"x\", \"y\": \"INST_TYPE\", \"yref\": \"y\"}, {\"font\": {\"color\": \"#FFFFFF\"}, \"showarrow\": false, \"text\": \"-0.5\", \"x\": \"TS\", \"xref\": \"x\", \"y\": \"INST_TYPE\", \"yref\": \"y\"}, {\"font\": {\"color\": \"#000000\"}, \"showarrow\": false, \"text\": \"0.02\", \"x\": \"TS_MEN\", \"xref\": \"x\", \"y\": \"INST_TYPE\", \"yref\": \"y\"}, {\"font\": {\"color\": \"#FFFFFF\"}, \"showarrow\": false, \"text\": \"-0.02\", \"x\": \"TS_WOM\", \"xref\": \"x\", \"y\": \"INST_TYPE\", \"yref\": \"y\"}, {\"font\": {\"color\": \"#000000\"}, \"showarrow\": false, \"text\": \"0.44\", \"x\": \"TS_MAR\", \"xref\": \"x\", \"y\": \"INST_TYPE\", \"yref\": \"y\"}, {\"font\": {\"color\": \"#FFFFFF\"}, \"showarrow\": false, \"text\": \"-0.57\", \"x\": \"TS_DPEN\", \"xref\": \"x\", \"y\": \"INST_TYPE\", \"yref\": \"y\"}, {\"font\": {\"color\": \"#000000\"}, \"showarrow\": false, \"text\": \"0.43\", \"x\": \"TS_VET\", \"xref\": \"x\", \"y\": \"INST_TYPE\", \"yref\": \"y\"}, {\"font\": {\"color\": \"#000000\"}, \"showarrow\": false, \"text\": \"0.2\", \"x\": \"PER_PT\", \"xref\": \"x\", \"y\": \"INST_TYPE\", \"yref\": \"y\"}, {\"font\": {\"color\": \"#000000\"}, \"showarrow\": false, \"text\": \"0.32\", \"x\": \"ST_FI_LO\", \"xref\": \"x\", \"y\": \"INST_TYPE\", \"yref\": \"y\"}, {\"font\": {\"color\": \"#000000\"}, \"showarrow\": false, \"text\": \"0.14\", \"x\": \"ST_FI_M1\", \"xref\": \"x\", \"y\": \"INST_TYPE\", \"yref\": \"y\"}, {\"font\": {\"color\": \"#FFFFFF\"}, \"showarrow\": false, \"text\": \"-0.26\", \"x\": \"ST_FI_M2\", \"xref\": \"x\", \"y\": \"INST_TYPE\", \"yref\": \"y\"}, {\"font\": {\"color\": \"#FFFFFF\"}, \"showarrow\": false, \"text\": \"-0.31\", \"x\": \"ST_FI_H1\", \"xref\": \"x\", \"y\": \"INST_TYPE\", \"yref\": \"y\"}, {\"font\": {\"color\": \"#FFFFFF\"}, \"showarrow\": false, \"text\": \"-0.26\", \"x\": \"ST_FI_H2\", \"xref\": \"x\", \"y\": \"INST_TYPE\", \"yref\": \"y\"}, {\"font\": {\"color\": \"#000000\"}, \"showarrow\": false, \"text\": \"0.29\", \"x\": \"HL_ED_P_MS\", \"xref\": \"x\", \"y\": \"INST_TYPE\", \"yref\": \"y\"}, {\"font\": {\"color\": \"#000000\"}, \"showarrow\": false, \"text\": \"0.28\", \"x\": \"HL_ED_P_HS\", \"xref\": \"x\", \"y\": \"INST_TYPE\", \"yref\": \"y\"}, {\"font\": {\"color\": \"#FFFFFF\"}, \"showarrow\": false, \"text\": \"-0.32\", \"x\": \"HL_ED_P_PS\", \"xref\": \"x\", \"y\": \"INST_TYPE\", \"yref\": \"y\"}, {\"font\": {\"color\": \"#000000\"}, \"showarrow\": false, \"text\": \"0.02\", \"x\": \"HECR\", \"xref\": \"x\", \"y\": \"INST_TYPE\", \"yref\": \"y\"}, {\"font\": {\"color\": \"#000000\"}, \"showarrow\": false, \"text\": \"0.19\", \"x\": \"HIGH_DEG\", \"xref\": \"x\", \"y\": \"INST_EXP_PS\", \"yref\": \"y\"}, {\"font\": {\"color\": \"#FFFFFF\"}, \"showarrow\": false, \"text\": \"-0.1\", \"x\": \"INST_TYPE\", \"xref\": \"x\", \"y\": \"INST_EXP_PS\", \"yref\": \"y\"}, {\"font\": {\"color\": \"#000000\"}, \"showarrow\": false, \"text\": \"1.0\", \"x\": \"INST_EXP_PS\", \"xref\": \"x\", \"y\": \"INST_EXP_PS\", \"yref\": \"y\"}, {\"font\": {\"color\": \"#000000\"}, \"showarrow\": false, \"text\": \"0.57\", \"x\": \"AVG_FAC_SAL_PM\", \"xref\": \"x\", \"y\": \"INST_EXP_PS\", \"yref\": \"y\"}, {\"font\": {\"color\": \"#000000\"}, \"showarrow\": false, \"text\": \"0.21\", \"x\": \"TS\", \"xref\": \"x\", \"y\": \"INST_EXP_PS\", \"yref\": \"y\"}, {\"font\": {\"color\": \"#000000\"}, \"showarrow\": false, \"text\": \"0.07\", \"x\": \"TS_MEN\", \"xref\": \"x\", \"y\": \"INST_EXP_PS\", \"yref\": \"y\"}, {\"font\": {\"color\": \"#FFFFFF\"}, \"showarrow\": false, \"text\": \"-0.07\", \"x\": \"TS_WOM\", \"xref\": \"x\", \"y\": \"INST_EXP_PS\", \"yref\": \"y\"}, {\"font\": {\"color\": \"#FFFFFF\"}, \"showarrow\": false, \"text\": \"-0.25\", \"x\": \"TS_MAR\", \"xref\": \"x\", \"y\": \"INST_EXP_PS\", \"yref\": \"y\"}, {\"font\": {\"color\": \"#000000\"}, \"showarrow\": false, \"text\": \"0.2\", \"x\": \"TS_DPEN\", \"xref\": \"x\", \"y\": \"INST_EXP_PS\", \"yref\": \"y\"}, {\"font\": {\"color\": \"#FFFFFF\"}, \"showarrow\": false, \"text\": \"-0.21\", \"x\": \"TS_VET\", \"xref\": \"x\", \"y\": \"INST_EXP_PS\", \"yref\": \"y\"}, {\"font\": {\"color\": \"#FFFFFF\"}, \"showarrow\": false, \"text\": \"-0.22\", \"x\": \"PER_PT\", \"xref\": \"x\", \"y\": \"INST_EXP_PS\", \"yref\": \"y\"}, {\"font\": {\"color\": \"#FFFFFF\"}, \"showarrow\": false, \"text\": \"-0.16\", \"x\": \"ST_FI_LO\", \"xref\": \"x\", \"y\": \"INST_EXP_PS\", \"yref\": \"y\"}, {\"font\": {\"color\": \"#FFFFFF\"}, \"showarrow\": false, \"text\": \"-0.23\", \"x\": \"ST_FI_M1\", \"xref\": \"x\", \"y\": \"INST_EXP_PS\", \"yref\": \"y\"}, {\"font\": {\"color\": \"#FFFFFF\"}, \"showarrow\": false, \"text\": \"-0.07\", \"x\": \"ST_FI_M2\", \"xref\": \"x\", \"y\": \"INST_EXP_PS\", \"yref\": \"y\"}, {\"font\": {\"color\": \"#000000\"}, \"showarrow\": false, \"text\": \"0.02\", \"x\": \"ST_FI_H1\", \"xref\": \"x\", \"y\": \"INST_EXP_PS\", \"yref\": \"y\"}, {\"font\": {\"color\": \"#000000\"}, \"showarrow\": false, \"text\": \"0.32\", \"x\": \"ST_FI_H2\", \"xref\": \"x\", \"y\": \"INST_EXP_PS\", \"yref\": \"y\"}, {\"font\": {\"color\": \"#FFFFFF\"}, \"showarrow\": false, \"text\": \"-0.14\", \"x\": \"HL_ED_P_MS\", \"xref\": \"x\", \"y\": \"INST_EXP_PS\", \"yref\": \"y\"}, {\"font\": {\"color\": \"#FFFFFF\"}, \"showarrow\": false, \"text\": \"-0.47\", \"x\": \"HL_ED_P_HS\", \"xref\": \"x\", \"y\": \"INST_EXP_PS\", \"yref\": \"y\"}, {\"font\": {\"color\": \"#000000\"}, \"showarrow\": false, \"text\": \"0.44\", \"x\": \"HL_ED_P_PS\", \"xref\": \"x\", \"y\": \"INST_EXP_PS\", \"yref\": \"y\"}, {\"font\": {\"color\": \"#000000\"}, \"showarrow\": false, \"text\": \"0.47\", \"x\": \"HECR\", \"xref\": \"x\", \"y\": \"INST_EXP_PS\", \"yref\": \"y\"}, {\"font\": {\"color\": \"#000000\"}, \"showarrow\": false, \"text\": \"0.38\", \"x\": \"HIGH_DEG\", \"xref\": \"x\", \"y\": \"AVG_FAC_SAL_PM\", \"yref\": \"y\"}, {\"font\": {\"color\": \"#FFFFFF\"}, \"showarrow\": false, \"text\": \"-0.43\", \"x\": \"INST_TYPE\", \"xref\": \"x\", \"y\": \"AVG_FAC_SAL_PM\", \"yref\": \"y\"}, {\"font\": {\"color\": \"#000000\"}, \"showarrow\": false, \"text\": \"0.57\", \"x\": \"INST_EXP_PS\", \"xref\": \"x\", \"y\": \"AVG_FAC_SAL_PM\", \"yref\": \"y\"}, {\"font\": {\"color\": \"#000000\"}, \"showarrow\": false, \"text\": \"1.0\", \"x\": \"AVG_FAC_SAL_PM\", \"xref\": \"x\", \"y\": \"AVG_FAC_SAL_PM\", \"yref\": \"y\"}, {\"font\": {\"color\": \"#000000\"}, \"showarrow\": false, \"text\": \"0.55\", \"x\": \"TS\", \"xref\": \"x\", \"y\": \"AVG_FAC_SAL_PM\", \"yref\": \"y\"}, {\"font\": {\"color\": \"#000000\"}, \"showarrow\": false, \"text\": \"0.13\", \"x\": \"TS_MEN\", \"xref\": \"x\", \"y\": \"AVG_FAC_SAL_PM\", \"yref\": \"y\"}, {\"font\": {\"color\": \"#FFFFFF\"}, \"showarrow\": false, \"text\": \"-0.13\", \"x\": \"TS_WOM\", \"xref\": \"x\", \"y\": \"AVG_FAC_SAL_PM\", \"yref\": \"y\"}, {\"font\": {\"color\": \"#FFFFFF\"}, \"showarrow\": false, \"text\": \"-0.47\", \"x\": \"TS_MAR\", \"xref\": \"x\", \"y\": \"AVG_FAC_SAL_PM\", \"yref\": \"y\"}, {\"font\": {\"color\": \"#000000\"}, \"showarrow\": false, \"text\": \"0.43\", \"x\": \"TS_DPEN\", \"xref\": \"x\", \"y\": \"AVG_FAC_SAL_PM\", \"yref\": \"y\"}, {\"font\": {\"color\": \"#FFFFFF\"}, \"showarrow\": false, \"text\": \"-0.42\", \"x\": \"TS_VET\", \"xref\": \"x\", \"y\": \"AVG_FAC_SAL_PM\", \"yref\": \"y\"}, {\"font\": {\"color\": \"#FFFFFF\"}, \"showarrow\": false, \"text\": \"-0.23\", \"x\": \"PER_PT\", \"xref\": \"x\", \"y\": \"AVG_FAC_SAL_PM\", \"yref\": \"y\"}, {\"font\": {\"color\": \"#FFFFFF\"}, \"showarrow\": false, \"text\": \"-0.25\", \"x\": \"ST_FI_LO\", \"xref\": \"x\", \"y\": \"AVG_FAC_SAL_PM\", \"yref\": \"y\"}, {\"font\": {\"color\": \"#FFFFFF\"}, \"showarrow\": false, \"text\": \"-0.31\", \"x\": \"ST_FI_M1\", \"xref\": \"x\", \"y\": \"AVG_FAC_SAL_PM\", \"yref\": \"y\"}, {\"font\": {\"color\": \"#FFFFFF\"}, \"showarrow\": false, \"text\": \"-0.1\", \"x\": \"ST_FI_M2\", \"xref\": \"x\", \"y\": \"AVG_FAC_SAL_PM\", \"yref\": \"y\"}, {\"font\": {\"color\": \"#000000\"}, \"showarrow\": false, \"text\": \"0.06\", \"x\": \"ST_FI_H1\", \"xref\": \"x\", \"y\": \"AVG_FAC_SAL_PM\", \"yref\": \"y\"}, {\"font\": {\"color\": \"#000000\"}, \"showarrow\": false, \"text\": \"0.47\", \"x\": \"ST_FI_H2\", \"xref\": \"x\", \"y\": \"AVG_FAC_SAL_PM\", \"yref\": \"y\"}, {\"font\": {\"color\": \"#FFFFFF\"}, \"showarrow\": false, \"text\": \"-0.14\", \"x\": \"HL_ED_P_MS\", \"xref\": \"x\", \"y\": \"AVG_FAC_SAL_PM\", \"yref\": \"y\"}, {\"font\": {\"color\": \"#FFFFFF\"}, \"showarrow\": false, \"text\": \"-0.57\", \"x\": \"HL_ED_P_HS\", \"xref\": \"x\", \"y\": \"AVG_FAC_SAL_PM\", \"yref\": \"y\"}, {\"font\": {\"color\": \"#000000\"}, \"showarrow\": false, \"text\": \"0.53\", \"x\": \"HL_ED_P_PS\", \"xref\": \"x\", \"y\": \"AVG_FAC_SAL_PM\", \"yref\": \"y\"}, {\"font\": {\"color\": \"#000000\"}, \"showarrow\": false, \"text\": \"0.44\", \"x\": \"HECR\", \"xref\": \"x\", \"y\": \"AVG_FAC_SAL_PM\", \"yref\": \"y\"}, {\"font\": {\"color\": \"#000000\"}, \"showarrow\": false, \"text\": \"0.3\", \"x\": \"HIGH_DEG\", \"xref\": \"x\", \"y\": \"TS\", \"yref\": \"y\"}, {\"font\": {\"color\": \"#FFFFFF\"}, \"showarrow\": false, \"text\": \"-0.5\", \"x\": \"INST_TYPE\", \"xref\": \"x\", \"y\": \"TS\", \"yref\": \"y\"}, {\"font\": {\"color\": \"#000000\"}, \"showarrow\": false, \"text\": \"0.21\", \"x\": \"INST_EXP_PS\", \"xref\": \"x\", \"y\": \"TS\", \"yref\": \"y\"}, {\"font\": {\"color\": \"#000000\"}, \"showarrow\": false, \"text\": \"0.55\", \"x\": \"AVG_FAC_SAL_PM\", \"xref\": \"x\", \"y\": \"TS\", \"yref\": \"y\"}, {\"font\": {\"color\": \"#000000\"}, \"showarrow\": false, \"text\": \"1.0\", \"x\": \"TS\", \"xref\": \"x\", \"y\": \"TS\", \"yref\": \"y\"}, {\"font\": {\"color\": \"#000000\"}, \"showarrow\": false, \"text\": \"0.12\", \"x\": \"TS_MEN\", \"xref\": \"x\", \"y\": \"TS\", \"yref\": \"y\"}, {\"font\": {\"color\": \"#FFFFFF\"}, \"showarrow\": false, \"text\": \"-0.12\", \"x\": \"TS_WOM\", \"xref\": \"x\", \"y\": \"TS\", \"yref\": \"y\"}, {\"font\": {\"color\": \"#FFFFFF\"}, \"showarrow\": false, \"text\": \"-0.32\", \"x\": \"TS_MAR\", \"xref\": \"x\", \"y\": \"TS\", \"yref\": \"y\"}, {\"font\": {\"color\": \"#000000\"}, \"showarrow\": false, \"text\": \"0.32\", \"x\": \"TS_DPEN\", \"xref\": \"x\", \"y\": \"TS\", \"yref\": \"y\"}, {\"font\": {\"color\": \"#FFFFFF\"}, \"showarrow\": false, \"text\": \"-0.26\", \"x\": \"TS_VET\", \"xref\": \"x\", \"y\": \"TS\", \"yref\": \"y\"}, {\"font\": {\"color\": \"#FFFFFF\"}, \"showarrow\": false, \"text\": \"-0.11\", \"x\": \"PER_PT\", \"xref\": \"x\", \"y\": \"TS\", \"yref\": \"y\"}, {\"font\": {\"color\": \"#FFFFFF\"}, \"showarrow\": false, \"text\": \"-0.09\", \"x\": \"ST_FI_LO\", \"xref\": \"x\", \"y\": \"TS\", \"yref\": \"y\"}, {\"font\": {\"color\": \"#FFFFFF\"}, \"showarrow\": false, \"text\": \"-0.17\", \"x\": \"ST_FI_M1\", \"xref\": \"x\", \"y\": \"TS\", \"yref\": \"y\"}, {\"font\": {\"color\": \"#FFFFFF\"}, \"showarrow\": false, \"text\": \"-0.09\", \"x\": \"ST_FI_M2\", \"xref\": \"x\", \"y\": \"TS\", \"yref\": \"y\"}, {\"font\": {\"color\": \"#000000\"}, \"showarrow\": false, \"text\": \"0.0\", \"x\": \"ST_FI_H1\", \"xref\": \"x\", \"y\": \"TS\", \"yref\": \"y\"}, {\"font\": {\"color\": \"#000000\"}, \"showarrow\": false, \"text\": \"0.22\", \"x\": \"ST_FI_H2\", \"xref\": \"x\", \"y\": \"TS\", \"yref\": \"y\"}, {\"font\": {\"color\": \"#FFFFFF\"}, \"showarrow\": false, \"text\": \"-0.08\", \"x\": \"HL_ED_P_MS\", \"xref\": \"x\", \"y\": \"TS\", \"yref\": \"y\"}, {\"font\": {\"color\": \"#FFFFFF\"}, \"showarrow\": false, \"text\": \"-0.35\", \"x\": \"HL_ED_P_HS\", \"xref\": \"x\", \"y\": \"TS\", \"yref\": \"y\"}, {\"font\": {\"color\": \"#000000\"}, \"showarrow\": false, \"text\": \"0.33\", \"x\": \"HL_ED_P_PS\", \"xref\": \"x\", \"y\": \"TS\", \"yref\": \"y\"}, {\"font\": {\"color\": \"#000000\"}, \"showarrow\": false, \"text\": \"0.27\", \"x\": \"HECR\", \"xref\": \"x\", \"y\": \"TS\", \"yref\": \"y\"}, {\"font\": {\"color\": \"#FFFFFF\"}, \"showarrow\": false, \"text\": \"-0.14\", \"x\": \"HIGH_DEG\", \"xref\": \"x\", \"y\": \"TS_MEN\", \"yref\": \"y\"}, {\"font\": {\"color\": \"#000000\"}, \"showarrow\": false, \"text\": \"0.02\", \"x\": \"INST_TYPE\", \"xref\": \"x\", \"y\": \"TS_MEN\", \"yref\": \"y\"}, {\"font\": {\"color\": \"#000000\"}, \"showarrow\": false, \"text\": \"0.07\", \"x\": \"INST_EXP_PS\", \"xref\": \"x\", \"y\": \"TS_MEN\", \"yref\": \"y\"}, {\"font\": {\"color\": \"#000000\"}, \"showarrow\": false, \"text\": \"0.13\", \"x\": \"AVG_FAC_SAL_PM\", \"xref\": \"x\", \"y\": \"TS_MEN\", \"yref\": \"y\"}, {\"font\": {\"color\": \"#000000\"}, \"showarrow\": false, \"text\": \"0.12\", \"x\": \"TS\", \"xref\": \"x\", \"y\": \"TS_MEN\", \"yref\": \"y\"}, {\"font\": {\"color\": \"#000000\"}, \"showarrow\": false, \"text\": \"1.0\", \"x\": \"TS_MEN\", \"xref\": \"x\", \"y\": \"TS_MEN\", \"yref\": \"y\"}, {\"font\": {\"color\": \"#FFFFFF\"}, \"showarrow\": false, \"text\": \"-1.0\", \"x\": \"TS_WOM\", \"xref\": \"x\", \"y\": \"TS_MEN\", \"yref\": \"y\"}, {\"font\": {\"color\": \"#FFFFFF\"}, \"showarrow\": false, \"text\": \"-0.14\", \"x\": \"TS_MAR\", \"xref\": \"x\", \"y\": \"TS_MEN\", \"yref\": \"y\"}, {\"font\": {\"color\": \"#000000\"}, \"showarrow\": false, \"text\": \"0.13\", \"x\": \"TS_DPEN\", \"xref\": \"x\", \"y\": \"TS_MEN\", \"yref\": \"y\"}, {\"font\": {\"color\": \"#000000\"}, \"showarrow\": false, \"text\": \"0.31\", \"x\": \"TS_VET\", \"xref\": \"x\", \"y\": \"TS_MEN\", \"yref\": \"y\"}, {\"font\": {\"color\": \"#FFFFFF\"}, \"showarrow\": false, \"text\": \"-0.21\", \"x\": \"PER_PT\", \"xref\": \"x\", \"y\": \"TS_MEN\", \"yref\": \"y\"}, {\"font\": {\"color\": \"#FFFFFF\"}, \"showarrow\": false, \"text\": \"-0.02\", \"x\": \"ST_FI_LO\", \"xref\": \"x\", \"y\": \"TS_MEN\", \"yref\": \"y\"}, {\"font\": {\"color\": \"#FFFFFF\"}, \"showarrow\": false, \"text\": \"-0.1\", \"x\": \"ST_FI_M1\", \"xref\": \"x\", \"y\": \"TS_MEN\", \"yref\": \"y\"}, {\"font\": {\"color\": \"#FFFFFF\"}, \"showarrow\": false, \"text\": \"-0.04\", \"x\": \"ST_FI_M2\", \"xref\": \"x\", \"y\": \"TS_MEN\", \"yref\": \"y\"}, {\"font\": {\"color\": \"#FFFFFF\"}, \"showarrow\": false, \"text\": \"-0.0\", \"x\": \"ST_FI_H1\", \"xref\": \"x\", \"y\": \"TS_MEN\", \"yref\": \"y\"}, {\"font\": {\"color\": \"#000000\"}, \"showarrow\": false, \"text\": \"0.08\", \"x\": \"ST_FI_H2\", \"xref\": \"x\", \"y\": \"TS_MEN\", \"yref\": \"y\"}, {\"font\": {\"color\": \"#FFFFFF\"}, \"showarrow\": false, \"text\": \"-0.07\", \"x\": \"HL_ED_P_MS\", \"xref\": \"x\", \"y\": \"TS_MEN\", \"yref\": \"y\"}, {\"font\": {\"color\": \"#FFFFFF\"}, \"showarrow\": false, \"text\": \"-0.13\", \"x\": \"HL_ED_P_HS\", \"xref\": \"x\", \"y\": \"TS_MEN\", \"yref\": \"y\"}, {\"font\": {\"color\": \"#000000\"}, \"showarrow\": false, \"text\": \"0.13\", \"x\": \"HL_ED_P_PS\", \"xref\": \"x\", \"y\": \"TS_MEN\", \"yref\": \"y\"}, {\"font\": {\"color\": \"#000000\"}, \"showarrow\": false, \"text\": \"0.05\", \"x\": \"HECR\", \"xref\": \"x\", \"y\": \"TS_MEN\", \"yref\": \"y\"}, {\"font\": {\"color\": \"#000000\"}, \"showarrow\": false, \"text\": \"0.14\", \"x\": \"HIGH_DEG\", \"xref\": \"x\", \"y\": \"TS_WOM\", \"yref\": \"y\"}, {\"font\": {\"color\": \"#FFFFFF\"}, \"showarrow\": false, \"text\": \"-0.02\", \"x\": \"INST_TYPE\", \"xref\": \"x\", \"y\": \"TS_WOM\", \"yref\": \"y\"}, {\"font\": {\"color\": \"#FFFFFF\"}, \"showarrow\": false, \"text\": \"-0.07\", \"x\": \"INST_EXP_PS\", \"xref\": \"x\", \"y\": \"TS_WOM\", \"yref\": \"y\"}, {\"font\": {\"color\": \"#FFFFFF\"}, \"showarrow\": false, \"text\": \"-0.13\", \"x\": \"AVG_FAC_SAL_PM\", \"xref\": \"x\", \"y\": \"TS_WOM\", \"yref\": \"y\"}, {\"font\": {\"color\": \"#FFFFFF\"}, \"showarrow\": false, \"text\": \"-0.12\", \"x\": \"TS\", \"xref\": \"x\", \"y\": \"TS_WOM\", \"yref\": \"y\"}, {\"font\": {\"color\": \"#FFFFFF\"}, \"showarrow\": false, \"text\": \"-1.0\", \"x\": \"TS_MEN\", \"xref\": \"x\", \"y\": \"TS_WOM\", \"yref\": \"y\"}, {\"font\": {\"color\": \"#000000\"}, \"showarrow\": false, \"text\": \"1.0\", \"x\": \"TS_WOM\", \"xref\": \"x\", \"y\": \"TS_WOM\", \"yref\": \"y\"}, {\"font\": {\"color\": \"#000000\"}, \"showarrow\": false, \"text\": \"0.14\", \"x\": \"TS_MAR\", \"xref\": \"x\", \"y\": \"TS_WOM\", \"yref\": \"y\"}, {\"font\": {\"color\": \"#FFFFFF\"}, \"showarrow\": false, \"text\": \"-0.13\", \"x\": \"TS_DPEN\", \"xref\": \"x\", \"y\": \"TS_WOM\", \"yref\": \"y\"}, {\"font\": {\"color\": \"#FFFFFF\"}, \"showarrow\": false, \"text\": \"-0.31\", \"x\": \"TS_VET\", \"xref\": \"x\", \"y\": \"TS_WOM\", \"yref\": \"y\"}, {\"font\": {\"color\": \"#000000\"}, \"showarrow\": false, \"text\": \"0.21\", \"x\": \"PER_PT\", \"xref\": \"x\", \"y\": \"TS_WOM\", \"yref\": \"y\"}, {\"font\": {\"color\": \"#000000\"}, \"showarrow\": false, \"text\": \"0.02\", \"x\": \"ST_FI_LO\", \"xref\": \"x\", \"y\": \"TS_WOM\", \"yref\": \"y\"}, {\"font\": {\"color\": \"#000000\"}, \"showarrow\": false, \"text\": \"0.1\", \"x\": \"ST_FI_M1\", \"xref\": \"x\", \"y\": \"TS_WOM\", \"yref\": \"y\"}, {\"font\": {\"color\": \"#000000\"}, \"showarrow\": false, \"text\": \"0.04\", \"x\": \"ST_FI_M2\", \"xref\": \"x\", \"y\": \"TS_WOM\", \"yref\": \"y\"}, {\"font\": {\"color\": \"#000000\"}, \"showarrow\": false, \"text\": \"0.0\", \"x\": \"ST_FI_H1\", \"xref\": \"x\", \"y\": \"TS_WOM\", \"yref\": \"y\"}, {\"font\": {\"color\": \"#FFFFFF\"}, \"showarrow\": false, \"text\": \"-0.08\", \"x\": \"ST_FI_H2\", \"xref\": \"x\", \"y\": \"TS_WOM\", \"yref\": \"y\"}, {\"font\": {\"color\": \"#000000\"}, \"showarrow\": false, \"text\": \"0.07\", \"x\": \"HL_ED_P_MS\", \"xref\": \"x\", \"y\": \"TS_WOM\", \"yref\": \"y\"}, {\"font\": {\"color\": \"#000000\"}, \"showarrow\": false, \"text\": \"0.13\", \"x\": \"HL_ED_P_HS\", \"xref\": \"x\", \"y\": \"TS_WOM\", \"yref\": \"y\"}, {\"font\": {\"color\": \"#FFFFFF\"}, \"showarrow\": false, \"text\": \"-0.13\", \"x\": \"HL_ED_P_PS\", \"xref\": \"x\", \"y\": \"TS_WOM\", \"yref\": \"y\"}, {\"font\": {\"color\": \"#FFFFFF\"}, \"showarrow\": false, \"text\": \"-0.05\", \"x\": \"HECR\", \"xref\": \"x\", \"y\": \"TS_WOM\", \"yref\": \"y\"}, {\"font\": {\"color\": \"#FFFFFF\"}, \"showarrow\": false, \"text\": \"-0.18\", \"x\": \"HIGH_DEG\", \"xref\": \"x\", \"y\": \"TS_MAR\", \"yref\": \"y\"}, {\"font\": {\"color\": \"#000000\"}, \"showarrow\": false, \"text\": \"0.44\", \"x\": \"INST_TYPE\", \"xref\": \"x\", \"y\": \"TS_MAR\", \"yref\": \"y\"}, {\"font\": {\"color\": \"#FFFFFF\"}, \"showarrow\": false, \"text\": \"-0.25\", \"x\": \"INST_EXP_PS\", \"xref\": \"x\", \"y\": \"TS_MAR\", \"yref\": \"y\"}, {\"font\": {\"color\": \"#FFFFFF\"}, \"showarrow\": false, \"text\": \"-0.47\", \"x\": \"AVG_FAC_SAL_PM\", \"xref\": \"x\", \"y\": \"TS_MAR\", \"yref\": \"y\"}, {\"font\": {\"color\": \"#FFFFFF\"}, \"showarrow\": false, \"text\": \"-0.32\", \"x\": \"TS\", \"xref\": \"x\", \"y\": \"TS_MAR\", \"yref\": \"y\"}, {\"font\": {\"color\": \"#FFFFFF\"}, \"showarrow\": false, \"text\": \"-0.14\", \"x\": \"TS_MEN\", \"xref\": \"x\", \"y\": \"TS_MAR\", \"yref\": \"y\"}, {\"font\": {\"color\": \"#000000\"}, \"showarrow\": false, \"text\": \"0.14\", \"x\": \"TS_WOM\", \"xref\": \"x\", \"y\": \"TS_MAR\", \"yref\": \"y\"}, {\"font\": {\"color\": \"#000000\"}, \"showarrow\": false, \"text\": \"1.0\", \"x\": \"TS_MAR\", \"xref\": \"x\", \"y\": \"TS_MAR\", \"yref\": \"y\"}, {\"font\": {\"color\": \"#FFFFFF\"}, \"showarrow\": false, \"text\": \"-0.88\", \"x\": \"TS_DPEN\", \"xref\": \"x\", \"y\": \"TS_MAR\", \"yref\": \"y\"}, {\"font\": {\"color\": \"#000000\"}, \"showarrow\": false, \"text\": \"0.58\", \"x\": \"TS_VET\", \"xref\": \"x\", \"y\": \"TS_MAR\", \"yref\": \"y\"}, {\"font\": {\"color\": \"#000000\"}, \"showarrow\": false, \"text\": \"0.51\", \"x\": \"PER_PT\", \"xref\": \"x\", \"y\": \"TS_MAR\", \"yref\": \"y\"}, {\"font\": {\"color\": \"#000000\"}, \"showarrow\": false, \"text\": \"0.37\", \"x\": \"ST_FI_LO\", \"xref\": \"x\", \"y\": \"TS_MAR\", \"yref\": \"y\"}, {\"font\": {\"color\": \"#000000\"}, \"showarrow\": false, \"text\": \"0.51\", \"x\": \"ST_FI_M1\", \"xref\": \"x\", \"y\": \"TS_MAR\", \"yref\": \"y\"}, {\"font\": {\"color\": \"#000000\"}, \"showarrow\": false, \"text\": \"0.02\", \"x\": \"ST_FI_M2\", \"xref\": \"x\", \"y\": \"TS_MAR\", \"yref\": \"y\"}, {\"font\": {\"color\": \"#FFFFFF\"}, \"showarrow\": false, \"text\": \"-0.3\", \"x\": \"ST_FI_H1\", \"xref\": \"x\", \"y\": \"TS_MAR\", \"yref\": \"y\"}, {\"font\": {\"color\": \"#FFFFFF\"}, \"showarrow\": false, \"text\": \"-0.55\", \"x\": \"ST_FI_H2\", \"xref\": \"x\", \"y\": \"TS_MAR\", \"yref\": \"y\"}, {\"font\": {\"color\": \"#000000\"}, \"showarrow\": false, \"text\": \"0.35\", \"x\": \"