{
  "nbformat": 4,
  "nbformat_minor": 0,
  "metadata": {
    "colab": {
      "name": "Code_CA2.ipynb",
      "provenance": [],
      "collapsed_sections": [],
      "authorship_tag": "ABX9TyOBngzPCzeXcHBAw5H01Ix4",
      "include_colab_link": true
    },
    "kernelspec": {
      "name": "python3",
      "display_name": "Python 3"
    },
    "language_info": {
      "name": "python"
    }
  },
  "cells": [
    {
      "cell_type": "markdown",
      "metadata": {
        "id": "view-in-github",
        "colab_type": "text"
      },
      "source": [
        "<a href=\"https://colab.research.google.com/github/swapnilbetkar/python/blob/Dev_Class/Code_CA2.ipynb\" target=\"_parent\"><img src=\"https://colab.research.google.com/assets/colab-badge.svg\" alt=\"Open In Colab\"/></a>"
      ]
    },
    {
      "cell_type": "code",
      "metadata": {
        "colab": {
          "base_uri": "https://localhost:8080/"
        },
        "id": "pPpZvNbiX3fM",
        "outputId": "10e8daba-d9da-4bcc-bc3c-a37d5d0925b9"
      },
      "source": [
        "from google.colab import drive\n",
        "drive.mount('/content/drive') \n",
        "\n"
      ],
      "execution_count": 9,
      "outputs": [
        {
          "output_type": "stream",
          "text": [
            "Drive already mounted at /content/drive; to attempt to forcibly remount, call drive.mount(\"/content/drive\", force_remount=True).\n"
          ],
          "name": "stdout"
        }
      ]
    },
    {
      "cell_type": "code",
      "metadata": {
        "id": "rWpCDI9_YfJ_"
      },
      "source": [
        "import numpy as np\n",
        "import pandas as pd\n",
        "from sklearn.preprocessing import StandardScaler\n",
        "from sklearn.model_selection import GridSearchCV\n",
        "from sklearn.ensemble import RandomForestRegressor\n",
        "from sklearn.linear_model import SGDRegressor\n",
        "from sklearn.svm import SVR\n",
        "import plotly.graph_objs as go\n",
        "import plotly.figure_factory as ff\n",
        "import warnings\n",
        "warnings.filterwarnings('ignore')"
      ],
      "execution_count": 10,
      "outputs": []
    },
    {
      "cell_type": "code",
      "metadata": {
        "colab": {
          "base_uri": "https://localhost:8080/"
        },
        "id": "HH6hhN42YO-Q",
        "outputId": "9f1d1bf9-6d2c-429a-ae69-62586c8010d8"
      },
      "source": [
        "dataset = pd.read_csv(\"/content/drive/MyDrive/Datasets/SuperMart.csv\")\n",
        "pd.set_option('display.max_columns', None) # to make sure you can see all the columns in output window\n",
        "print(dataset.head())\n",
        "print(dataset.shape)\n",
        "print(dataset.info())\n",
        "print(dataset.describe())\n"
      ],
      "execution_count": 11,
      "outputs": [
        {
          "output_type": "stream",
          "text": [
            "    Education Age_Group Marital_Status Income_Group  Dependents  \\\n",
            "0  Graduation     30-60       Divorced      60K-89K           0   \n",
            "1  Graduation     30-60         Single      30K-59K           0   \n",
            "2  Graduation     30-60        Married      60K-89K           1   \n",
            "3  Graduation     30-60       Together      30K-59K           2   \n",
            "4  Graduation       <30         Single         <30K           1   \n",
            "\n",
            "   NumDealsPurchases  NumWebPurchases  NumStorePurchases  AcceptedCmp1  \\\n",
            "0                  1                8                  6             0   \n",
            "1                  1               10                  7             0   \n",
            "2                  1                5                  5             0   \n",
            "3                  1                1                  2             0   \n",
            "4                  2                4                  2             0   \n",
            "\n",
            "   AcceptedCmp2  AcceptedCmp3  AcceptedCmp4  AcceptedCmp5  AcceptedCmp6  \\\n",
            "0             0             0             0             0             1   \n",
            "1             1             0             0             0             1   \n",
            "2             0             0             0             0             0   \n",
            "3             0             0             0             0             0   \n",
            "4             0             1             0             0             1   \n",
            "\n",
            "   Complain  Revenue  \n",
            "0         0     1190  \n",
            "1         0      577  \n",
            "2         0      251  \n",
            "3         0       11  \n",
            "4         0       91  \n",
            "(2240, 16)\n",
            "<class 'pandas.core.frame.DataFrame'>\n",
            "RangeIndex: 2240 entries, 0 to 2239\n",
            "Data columns (total 16 columns):\n",
            " #   Column             Non-Null Count  Dtype \n",
            "---  ------             --------------  ----- \n",
            " 0   Education          2240 non-null   object\n",
            " 1   Age_Group          2240 non-null   object\n",
            " 2   Marital_Status     2240 non-null   object\n",
            " 3   Income_Group       2240 non-null   object\n",
            " 4   Dependents         2240 non-null   int64 \n",
            " 5   NumDealsPurchases  2240 non-null   int64 \n",
            " 6   NumWebPurchases    2240 non-null   int64 \n",
            " 7   NumStorePurchases  2240 non-null   int64 \n",
            " 8   AcceptedCmp1       2240 non-null   int64 \n",
            " 9   AcceptedCmp2       2240 non-null   int64 \n",
            " 10  AcceptedCmp3       2240 non-null   int64 \n",
            " 11  AcceptedCmp4       2240 non-null   int64 \n",
            " 12  AcceptedCmp5       2240 non-null   int64 \n",
            " 13  AcceptedCmp6       2240 non-null   int64 \n",
            " 14  Complain           2240 non-null   int64 \n",
            " 15  Revenue            2240 non-null   int64 \n",
            "dtypes: int64(12), object(4)\n",
            "memory usage: 280.1+ KB\n",
            "None\n",
            "        Dependents  NumDealsPurchases  NumWebPurchases  NumStorePurchases  \\\n",
            "count  2240.000000        2240.000000      2240.000000        2240.000000   \n",
            "mean      0.950446           2.325000         6.746875           5.796875   \n",
            "std       0.751803           1.932238         4.734179           3.240031   \n",
            "min       0.000000           0.000000         0.000000           1.000000   \n",
            "25%       0.000000           1.000000         2.000000           3.000000   \n",
            "50%       1.000000           2.000000         6.000000           5.000000   \n",
            "75%       1.000000           3.000000        10.000000           8.000000   \n",
            "max       3.000000          15.000000        28.000000          13.000000   \n",
            "\n",
            "       AcceptedCmp1  AcceptedCmp2  AcceptedCmp3  AcceptedCmp4  AcceptedCmp5  \\\n",
            "count   2240.000000   2240.000000   2240.000000   2240.000000   2240.000000   \n",
            "mean       0.064286      0.013393      0.072768      0.074554      0.072768   \n",
            "std        0.245316      0.114976      0.259813      0.262728      0.259813   \n",
            "min        0.000000      0.000000      0.000000      0.000000      0.000000   \n",
            "25%        0.000000      0.000000      0.000000      0.000000      0.000000   \n",
            "50%        0.000000      0.000000      0.000000      0.000000      0.000000   \n",
            "75%        0.000000      0.000000      0.000000      0.000000      0.000000   \n",
            "max        1.000000      1.000000      1.000000      1.000000      1.000000   \n",
            "\n",
            "       AcceptedCmp6     Complain      Revenue  \n",
            "count   2240.000000  2240.000000  2240.000000  \n",
            "mean       0.149107     0.009375   605.798214  \n",
            "std        0.356274     0.096391   602.249288  \n",
            "min        0.000000     0.000000     5.000000  \n",
            "25%        0.000000     0.000000    68.750000  \n",
            "50%        0.000000     0.000000   396.000000  \n",
            "75%        0.000000     0.000000  1045.500000  \n",
            "max        1.000000     1.000000  2525.000000  \n"
          ],
          "name": "stdout"
        }
      ]
    },
    {
      "cell_type": "code",
      "metadata": {
        "colab": {
          "base_uri": "https://localhost:8080/",
          "height": 1000
        },
        "id": "ipUGRKgZYTp_",
        "outputId": "96f3c57f-2f05-46de-9148-446952238756"
      },
      "source": [
        "# Converting Categorical features into Numerical features\n",
        "categorical_features = ['Marital_Status']\n",
        "\n",
        "#Using map function for converting categorcal features to numerical features\n",
        "dataset['Age_Group'] = dataset['Age_Group'].map({'>60':2,'30-60':1,'<30' :0})\n",
        "dataset['Income_Group'] = dataset['Income_Group'].map({'>=90K':3,'60K-89K':2,'30K-59K' :1,'<30K':0})\n",
        "dataset['Education'] = dataset['Education'].map({'PhD':4,'Master':3,'Graduation' :2,'High School':1,'Middle School':0})\n",
        "final_data = pd.get_dummies(dataset, columns = categorical_features)\n",
        "print(final_data.info())\n",
        "print(final_data.head(2))\n",
        "\n",
        "\n",
        "# Plotting Correlation Heatmap\n",
        "corrs = dataset.corr()\n",
        "figure = ff.create_annotated_heatmap(\n",
        "    z=corrs.values,\n",
        "    x=list(corrs.columns),\n",
        "    y=list(corrs.index),\n",
        "    annotation_text=corrs.round(2).values,\n",
        "    showscale=True)\n",
        "figure.show()"
      ],
      "execution_count": 12,
      "outputs": [
        {
          "output_type": "stream",
          "text": [
            "<class 'pandas.core.frame.DataFrame'>\n",
            "RangeIndex: 2240 entries, 0 to 2239\n",
            "Data columns (total 19 columns):\n",
            " #   Column                   Non-Null Count  Dtype\n",
            "---  ------                   --------------  -----\n",
            " 0   Education                2240 non-null   int64\n",
            " 1   Age_Group                2240 non-null   int64\n",
            " 2   Income_Group             2240 non-null   int64\n",
            " 3   Dependents               2240 non-null   int64\n",
            " 4   NumDealsPurchases        2240 non-null   int64\n",
            " 5   NumWebPurchases          2240 non-null   int64\n",
            " 6   NumStorePurchases        2240 non-null   int64\n",
            " 7   AcceptedCmp1             2240 non-null   int64\n",
            " 8   AcceptedCmp2             2240 non-null   int64\n",
            " 9   AcceptedCmp3             2240 non-null   int64\n",
            " 10  AcceptedCmp4             2240 non-null   int64\n",
            " 11  AcceptedCmp5             2240 non-null   int64\n",
            " 12  AcceptedCmp6             2240 non-null   int64\n",
            " 13  Complain                 2240 non-null   int64\n",
            " 14  Revenue                  2240 non-null   int64\n",
            " 15  Marital_Status_Divorced  2240 non-null   uint8\n",
            " 16  Marital_Status_Married   2240 non-null   uint8\n",
            " 17  Marital_Status_Single    2240 non-null   uint8\n",
            " 18  Marital_Status_Together  2240 non-null   uint8\n",
            "dtypes: int64(15), uint8(4)\n",
            "memory usage: 271.4 KB\n",
            "None\n",
            "   Education  Age_Group  Income_Group  Dependents  NumDealsPurchases  \\\n",
            "0          2          1             2           0                  1   \n",
            "1          2          1             1           0                  1   \n",
            "\n",
            "   NumWebPurchases  NumStorePurchases  AcceptedCmp1  AcceptedCmp2  \\\n",
            "0                8                  6             0             0   \n",
            "1               10                  7             0             1   \n",
            "\n",
            "   AcceptedCmp3  AcceptedCmp4  AcceptedCmp5  AcceptedCmp6  Complain  Revenue  \\\n",
            "0             0             0             0             1         0     1190   \n",
            "1             0             0             0             1         0      577   \n",
            "\n",
            "   Marital_Status_Divorced  Marital_Status_Married  Marital_Status_Single  \\\n",
            "0                        1                       0                      0   \n",
            "1                        0                       0                      1   \n",
            "\n",
            "   Marital_Status_Together  \n",
            "0                        0  \n",
            "1                        0  \n"
          ],
          "name": "stdout"
        },
        {
          "output_type": "display_data",
          "data": {
            "text/html": [
              "<html>\n",
              "<head><meta charset=\"utf-8\" /></head>\n",
              "<body>\n",
              "    <div>\n",
              "            <script src=\"https://cdnjs.cloudflare.com/ajax/libs/mathjax/2.7.5/MathJax.js?config=TeX-AMS-MML_SVG\"></script><script type=\"text/javascript\">if (window.MathJax) {MathJax.Hub.Config({SVG: {font: \"STIX-Web\"}});}</script>\n",
              "                <script type=\"text/javascript\">window.PlotlyConfig = {MathJaxConfig: 'local'};</script>\n",
              "        <script src=\"https://cdn.plot.ly/plotly-latest.min.js\"></script>    \n",
              "            <div id=\"54394d3b-7474-47d3-a698-b628d6b3a2bf\" class=\"plotly-graph-div\" style=\"height:525px; width:100%;\"></div>\n",
              "            <script type=\"text/javascript\">\n",
              "                \n",
              "                    window.PLOTLYENV=window.PLOTLYENV || {};\n",
              "                    \n",
              "                if (document.getElementById(\"54394d3b-7474-47d3-a698-b628d6b3a2bf\")) {\n",
              "                    Plotly.newPlot(\n",
              "                        '54394d3b-7474-47d3-a698-b628d6b3a2bf',\n",
              "                        [{\"colorscale\": [[0.0, \"#0d0887\"], [0.1111111111111111, \"#46039f\"], [0.2222222222222222, \"#7201a8\"], [0.3333333333333333, \"#9c179e\"], [0.4444444444444444, \"#bd3786\"], [0.5555555555555556, \"#d8576b\"], [0.6666666666666666, \"#ed7953\"], [0.7777777777777778, \"#fb9f3a\"], [0.8888888888888888, \"#fdca26\"], [1.0, \"#f0f921\"]], \"reversescale\": false, \"showscale\": true, \"type\": \"heatmap\", \"x\": [\"Education\", \"Age_Group\", \"Income_Group\", \"Dependents\", \"NumDealsPurchases\", \"NumWebPurchases\", \"NumStorePurchases\", \"AcceptedCmp1\", \"AcceptedCmp2\", \"AcceptedCmp3\", \"AcceptedCmp4\", \"AcceptedCmp5\", \"AcceptedCmp6\", \"Complain\", \"Revenue\"], \"y\": [\"Education\", \"Age_Group\", \"Income_Group\", \"Dependents\", \"NumDealsPurchases\", \"NumWebPurchases\", \"NumStorePurchases\", \"AcceptedCmp1\", \"AcceptedCmp2\", \"AcceptedCmp3\", \"AcceptedCmp4\", \"AcceptedCmp5\", \"AcceptedCmp6\", \"Complain\", \"Revenue\"], \"z\": [[1.0, 0.21217944410465195, 0.14977368363190188, 0.05318928799718298, 0.030074881432507857, 0.09177957907002288, 0.07122220793484171, -0.010844778275586489, 0.021368852799583248, 0.005836223793098008, 0.0532656198171921, 0.03334575656580139, 0.09081949280035917, -0.05053994653298003, 0.09205406355544775], [0.21217944410465195, 1.0, 0.16031570976639187, 0.08998229820741852, 0.06745243129196904, 0.13811973261647886, 0.11028516379283743, 0.005691235061269891, 0.010077709739847453, -0.047917099755665785, 0.06845648877420613, 0.007581505959272966, 0.00652859082868762, -0.014855229644806034, 0.09934320349475212], [0.14977368363190188, 0.16031570976639187, 1.0, -0.30838177843792836, -0.11040297481080522, 0.6481227144299165, 0.6105091884845909, 0.30497401577204847, 0.08293440200842113, -0.012135812803147787, 0.19968548402916433, 0.3628030914687157, 0.15024883488399907, -0.024374028591387962, 0.7530313319574685], [0.05318928799718298, 0.08998229820741852, -0.30838177843792836, 1.0, 0.4396835959933721, -0.35752341785598174, -0.32298843775246827, -0.22488725758940797, -0.06982334482126368, -0.02040236696473195, -0.0875631838076969, -0.28564232454295074, -0.16916345967441654, 0.031066269226456958, -0.49888764868089525], [0.030074881432507857, 0.06745243129196904, -0.11040297481080522, 0.4396835959933721, 1.0, 0.1321334113213658, 0.0720449986253006, -0.12324443396026741, -0.0376947583565395, -0.02310893662198011, 0.015594261512435311, -0.18324786220258768, 0.0022383132689208743, 0.0004196490129379555, -0.06511194439133125], [0.09177957907002288, 0.13811973261647886, 0.6481227144299165, -0.35752341785598174, 0.1321334113213658, 1.0, 0.6191466082223163, 0.2812937245074683, 0.08171985838069018, 0.08941965847717066, 0.1774844449619719, 0.2804164087896868, 0.2236349903835483, -0.02220193383120304, 0.785846074059344], [0.07122220793484171, 0.11028516379283743, 0.6105091884845909, -0.32298843775246827, 0.0720449986253006, 0.6191466082223163, 1.0, 0.18332488194994348, 0.08523587765294946, -0.06785384121500079, 0.1793976619230693, 0.21493543569717513, 0.03863082486170728, -0.0167810620557485, 0.6763845297692653], [-0.010844778275586489, 0.005691235061269891, 0.30497401577204847, -0.22488725758940797, -0.12324443396026741, 0.2812937245074683, 0.18332488194994348, 1.0, 0.17531457831094377, 0.09475053283938428, 0.25129993382895477, 0.40307767615191026, 0.293981526852481, -0.02549861567523456, 0.3815228377805082], [0.021368852799583248, 0.010077709739847453, 0.08293440200842113, -0.06982334482126368, -0.0376947583565395, 0.08171985838069018, 0.08523587765294946, 0.17531457831094377, 1.0, 0.07201991923575536, 0.29220986334195187, 0.22153300458151476, 0.1692926611850363, -0.01133432044170454, 0.13581285529711185], [0.005836223793098008, -0.047917099755665785, -0.012135812803147787, -0.02040236696473195, -0.02310893662198011, 0.08941965847717066, -0.06785384121500079, 0.09475053283938428, 0.07201991923575536, 1.0, -0.07951226746070778, 0.08031581652395309, 0.25425828324930116, 0.008415397572196961, 0.05338476817611455], [0.0532656198171921, 0.06845648877420613, 0.19968548402916433, -0.0875631838076969, 0.015594261512435311, 0.1774844449619719, 0.1793976619230693, 0.25129993382895477, 0.29220986334195187, -0.07951226746070778, 1.0, 0.3065257644854854, 0.17701860249675194, -0.027611473320668944, 0.2532901769002507], [0.03334575656580139, 0.007581505959272966, 0.3628030914687157, -0.28564232454295074, -0.18324786220258768, 0.2804164087896868, 0.21493543569717513, 0.40307767615191026, 0.22153300458151476, 0.08031581652395309, 0.3065257644854854, 1.0, 0.3266339446225567, -0.009418557547690767, 0.4700584075108249], [0.09081949280035917, 0.00652859082868762, 0.15024883488399907, -0.16916345967441654, 0.0022383132689208743, 0.2236349903835483, 0.03863082486170728, 0.293981526852481, 0.1692926611850363, 0.25425828324930116, 0.17701860249675194, 0.3266339446225567, 1.0, -0.0017069639546603425, 0.2652980093576622], [-0.05053994653298003, -0.014855229644806034, -0.024374028591387962, 0.031066269226456958, 0.0004196490129379555, -0.02220193383120304, -0.0167810620557485, -0.02549861567523456, -0.01133432044170454, 0.008415397572196961, -0.027611473320668944, -0.009418557547690767, -0.0017069639546603425, 1.0, -0.03705847996009841], [0.09205406355544775, 0.09934320349475212, 0.7530313319574685, -0.49888764868089525, -0.06511194439133125, 0.785846074059344, 0.6763845297692653, 0.3815228377805082, 0.13581285529711185, 0.05338476817611455, 0.2532901769002507, 0.4700584075108249, 0.2652980093576622, -0.03705847996009841, 1.0]]}],\n",
