{
  "nbformat": 4,
  "nbformat_minor": 0,
  "metadata": {
    "colab": {
      "name": "VehicleCollision2.ipynb",
      "provenance": [],
      "collapsed_sections": [],
      "authorship_tag": "ABX9TyNWxvQvaT7bWyC7S85AgVnG",
      "include_colab_link": true
    },
    "kernelspec": {
      "name": "python3",
      "display_name": "Python 3"
    }
  },
  "cells": [
    {
      "cell_type": "markdown",
      "metadata": {
        "id": "view-in-github",
        "colab_type": "text"
      },
      "source": [
        "<a href=\"https://colab.research.google.com/github/swapnilbetkar/python/blob/Dev_Self/VehicleCollision2.ipynb\" target=\"_parent\"><img src=\"https://colab.research.google.com/assets/colab-badge.svg\" alt=\"Open In Colab\"/></a>"
      ]
    },
    {
      "cell_type": "code",
      "metadata": {
        "colab": {
          "base_uri": "https://localhost:8080/"
        },
        "id": "l9eZRNPqoD16",
        "outputId": "681097bf-b8d9-41bb-94d3-4de2e282a424"
      },
      "source": [
        "from google.colab import drive\r\n",
        "drive.mount('/content/drive/', force_remount=True)"
      ],
      "execution_count": 162,
      "outputs": [
        {
          "output_type": "stream",
          "text": [
            "Mounted at /content/drive/\n"
          ],
          "name": "stdout"
        }
      ]
    },
    {
      "cell_type": "code",
      "metadata": {
        "id": "SpPUTi2EsnpB"
      },
      "source": [
        "import numpy as np\r\n",
        "import pandas as pd\r\n",
        "import matplotlib.pyplot as plt\r\n",
        "import seaborn as sns\r\n",
        "import plotly.figure_factory as ff\r\n",
        "from sklearn.preprocessing import LabelEncoder\r\n",
        "from imblearn.over_sampling import SMOTE\r\n",
        "from sklearn.ensemble import RandomForestClassifier\r\n",
        "from imblearn.pipeline import Pipeline\r\n",
        "from sklearn.model_selection import GridSearchCV\r\n",
        "from sklearn.preprocessing import StandardScaler\r\n",
        "from sklearn.model_selection import train_test_split\r\n",
        "from sklearn import metrics"
      ],
      "execution_count": 163,
      "outputs": []
    },
    {
      "cell_type": "code",
      "metadata": {
        "colab": {
          "base_uri": "https://localhost:8080/"
        },
        "id": "N1Zggg-zstlR",
        "outputId": "772fff46-71f8-4ac0-d08b-f745636d44e2"
      },
      "source": [
        "#import dataset\r\n",
        "dataset = pd.read_csv(\"/content/drive/MyDrive/Datasets/VehicleCollisions.csv\")\r\n",
        "pd.set_option('display.max_columns',None)\r\n",
        "dataset.head()\r\n",
        "print(dataset.info())"
      ],
      "execution_count": 164,
      "outputs": [
        {
          "output_type": "stream",
          "text": [
            "<class 'pandas.core.frame.DataFrame'>\n",
            "RangeIndex: 37869 entries, 0 to 37868\n",
            "Data columns (total 13 columns):\n",
            " #   Column                   Non-Null Count  Dtype \n",
            "---  ------                   --------------  ----- \n",
            " 0   Number_of_Vehicles       37869 non-null  int64 \n",
            " 1   Road_Type                37869 non-null  object\n",
            " 2   Speed_limit              37869 non-null  int64 \n",
            " 3   Light_Conditions         37869 non-null  object\n",
            " 4   Weather_Conditions       37869 non-null  object\n",
            " 5   Road_Surface_Conditions  37869 non-null  object\n",
            " 6   Urban_or_Rural_Area      37869 non-null  object\n",
            " 7   Vehicle_Manoeuvre        37869 non-null  object\n",
            " 8   1st_Point_of_Impact      37869 non-null  object\n",
            " 9   Sex_of_Driver            37869 non-null  object\n",
            " 10  Age_of_Driver            37869 non-null  int64 \n",
            " 11  Engine_Capacity_(CC)     37869 non-null  int64 \n",
            " 12  Damage                   37869 non-null  object\n",
            "dtypes: int64(4), object(9)\n",
            "memory usage: 3.8+ MB\n",
            "None\n"
          ],
          "name": "stdout"
        }
      ]
    },
    {
      "cell_type": "code",
      "metadata": {
        "colab": {
          "base_uri": "https://localhost:8080/",
          "height": 542
        },
        "id": "AMql7tKzsvoQ",
        "outputId": "1bbf527a-3c83-4f92-c4c1-3eeba8ab2a57"
      },
      "source": [
        "dataset['Damage'] = dataset['Damage'].map({'Severe':0, 'Light':1})\r\n",
        "le = LabelEncoder()\r\n",
        "categorical_features = ['Urban_or_Rural_Area','Sex_of_Driver','Road_Type','Light_Conditions','Weather_Conditions','Road_Surface_Conditions','Vehicle_Manoeuvre','1st_Point_of_Impact']\r\n",
        "dataset[categorical_features] = dataset[categorical_features].apply(le.fit_transform)\r\n",
        "final_data = dataset\r\n",
        "\r\n",
        "corrs = dataset.corr()\r\n",
        "figure = ff.create_annotated_heatmap(\r\n",
        "    z=corrs.values,\r\n",
        "    x=list(corrs.columns),\r\n",
        "    y=list(corrs.index),\r\n",
        "    annotation_text=corrs.round(2).values,\r\n",
        "    showscale=True)\r\n",
        "figure.show()\r\n",
        "\r\n",
        "# dataset.head()\r\n",
        "# categorical_feature = ['1st_Point_of_Impact']\r\n",
        "# final_data = pd.get_dummies(dataset, columns = categorical_feature)\r\n",
        "# final_data.head()"
      ],
      "execution_count": 165,
      "outputs": [
        {
          "output_type": "display_data",
          "data": {
            "text/html": [
              "<html>\n",
              "<head><meta charset=\"utf-8\" /></head>\n",
              "<body>\n",
              "    <div>\n",
              "            <script src=\"https://cdnjs.cloudflare.com/ajax/libs/mathjax/2.7.5/MathJax.js?config=TeX-AMS-MML_SVG\"></script><script type=\"text/javascript\">if (window.MathJax) {MathJax.Hub.Config({SVG: {font: \"STIX-Web\"}});}</script>\n",
              "                <script type=\"text/javascript\">window.PlotlyConfig = {MathJaxConfig: 'local'};</script>\n",
              "        <script src=\"https://cdn.plot.ly/plotly-latest.min.js\"></script>    \n",
              "            <div id=\"b9a3ab2e-238d-4af5-8981-98a4e0c62770\" class=\"plotly-graph-div\" style=\"height:525px; width:100%;\"></div>\n",
              "            <script type=\"text/javascript\">\n",
              "                \n",
              "                    window.PLOTLYENV=window.PLOTLYENV || {};\n",
              "                    \n",
              "                if (document.getElementById(\"b9a3ab2e-238d-4af5-8981-98a4e0c62770\")) {\n",
              "                    Plotly.newPlot(\n",
              "                        'b9a3ab2e-238d-4af5-8981-98a4e0c62770',\n",
              "                        [{\"colorscale\": [[0.0, \"#0d0887\"], [0.1111111111111111, \"#46039f\"], [0.2222222222222222, \"#7201a8\"], [0.3333333333333333, \"#9c179e\"], [0.4444444444444444, \"#bd3786\"], [0.5555555555555556, \"#d8576b\"], [0.6666666666666666, \"#ed7953\"], [0.7777777777777778, \"#fb9f3a\"], [0.8888888888888888, \"#fdca26\"], [1.0, \"#f0f921\"]], \"reversescale\": false, \"showscale\": true, \"type\": \"heatmap\", \"x\": [\"Number_of_Vehicles\", \"Road_Type\", \"Speed_limit\", \"Light_Conditions\", \"Weather_Conditions\", \"Road_Surface_Conditions\", \"Urban_or_Rural_Area\", \"Vehicle_Manoeuvre\", \"1st_Point_of_Impact\", \"Sex_of_Driver\", \"Age_of_Driver\", \"Engine_Capacity_(CC)\", \"Damage\"], \"y\": [\"Number_of_Vehicles\", \"Road_Type\", \"Speed_limit\", \"Light_Conditions\", \"Weather_Conditions\", \"Road_Surface_Conditions\", \"Urban_or_Rural_Area\", \"Vehicle_Manoeuvre\", \"1st_Point_of_Impact\", \"Sex_of_Driver\", \"Age_of_Driver\", \"Engine_Capacity_(CC)\", \"Damage\"], \"z\": [[1.0, -0.06877660499467628, 0.16353196503278486, 0.017235397646635765, -0.016402020128029934, -0.00897844808793432, -0.0872304740628802, 0.04693029889286148, -0.13826363782526982, 0.007748622099625837, 0.012166213521076788, -0.00319921612219938, -0.01733545180905511], [-0.06877660499467628, 1.0, -0.38902899481211384, 0.010608815577127628, -0.0066626193393759135, -0.0097050412713079, 0.1514831161051407, 0.03520676648529093, 0.05432801247556772, -0.00383368264634175, 0.005032594020206174, -0.05883655510712508, -0.019967918855192026], [0.16353196503278486, -0.38902899481211384, 1.0, 0.011202320663210528, 0.011121454924311698, 0.01689879652569112, -0.5365304519846705, -0.03556000627922729, -0.09659568640022236, 0.0050687566315824025, 0.016660820700081222, 0.08004741398285459, 0.01197748674894942], [0.017235397646635765, 0.010608815577127628, 0.011202320663210528, 1.0, -0.13200728201906148, -0.21204584077914904, -0.02906981859553542, 0.04030421314925137, -0.04907730161223886, -0.07550038910046106, 0.10742577076577985, 0.032767127218425215, 0.04025906505901593], [-0.016402020128029934, -0.0066626193393759135, 0.011121454924311698, -0.13200728201906148, 1.0, 0.6297751917403681, -0.010942636779455157, -0.0031076163766078253, -0.003958155711207906, -0.006890968782835788, -0.0211596810954891, -0.015058258159520605, 0.02871315271235433], [-0.00897844808793432, -0.0097050412713079, 0.01689879652569112, -0.21204584077914904, 0.6297751917403681, 1.0, -0.0074175929932169945, -0.010246151499494562, 0.00017776305064696107, -0.0027562727730230763, -0.028748116761527973, -0.0156551710621725, 0.026870871615748713], [-0.0872304740628802, 0.1514831161051407, -0.5365304519846705, -0.02906981859553542, -0.010942636779455157, -0.0074175929932169945, 1.0, 0.02272176508857234, 0.06462207707842493, -0.00021221547225134366, -0.022449208574962395, -0.0525486525393365, 0.014036470338249188], [0.04693029889286148, 0.03520676648529093, -0.03556000627922729, 0.04030421314925137, -0.0031076163766078253, -0.010246151499494562, 0.02272176508857234, 1.0, -0.12223778651227082, -0.049450418145397634, 0.02371984591991784, -0.05069587386091523, -0.013146009523284258], [-0.13826363782526982, 0.05432801247556772, -0.09659568640022236, -0.04907730161223886, -0.003958155711207906, 0.00017776305064696107, 0.06462207707842493, -0.12223778651227082, 1.0, 0.02619996972894125, 0.015414474498175349, 0.016201087375717595, -0.0603935064947315], [0.007748622099625837, -0.00383368264634175, 0.0050687566315824025, -0.07550038910046106, -0.006890968782835788, -0.0027562727730230763, -0.00021221547225134366, -0.049450418145397634, 0.02619996972894125, 1.0, 0.030018324363894955, 0.16723526339043113, -0.034845957676993916], [0.012166213521076788, 0.005032594020206174, 0.016660820700081222, 0.10742577076577985, -0.0211596810954891, -0.028748116761527973, -0.022449208574962395, 0.02371984591991784, 0.015414474498175349, 0.030018324363894955, 1.0, 0.08930248702604628, -0.02267655544598643], [-0.00319921612219938, -0.05883655510712508, 0.08004741398285459, 0.032767127218425215, -0.015058258159520605, -0.0156551710621725, -0.0525486525393365, -0.05069587386091523, 0.016201087375717595, 0.16723526339043113, 0.08930248702604628, 1.0, -0.008066795520600096], [-0.01733545180905511, -0.019967918855192026, 0.01197748674894942, 0.04025906505901593, 0.02871315271235433, 0.026870871615748713, 0.014036470338249188, -0.013146009523284258, -0.0603935064947315, -0.034845957676993916, -0.02267655544598643, -0.008066795520600096, 1.0]]}],\n",
              "                        {\"annotations\": [{\"font\": {\"color\": \"#000000\"}, \"showarrow\": false, \"text\": \"1.0\", \"x\": \"Number_of_Vehicles\", \"xref\": \"x\", \"y\": \"Number_of_Vehicles\", \"yref\": \"y\"}, {\"font\": {\"color\": \"#FFFFFF\"}, \"showarrow\": false, \"text\": \"-0.07\", \"x\": \"Road_Type\", \"xref\": \"x\", \"y\": \"Number_of_Vehicles\", \"yref\": \"y\"}, {\"font\": {\"color\": \"#FFFFFF\"}, \"showarrow\": false, \"text\": \"0.16\", \"x\": \"Speed_limit\", \"xref\": \"x\", \"y\": \"Number_of_Vehicles\", \"yref\": \"y\"}, {\"font\": {\"color\": \"#FFFFFF\"}, \"showarrow\": false, \"text\": \"0.02\", \"x\": \"Light_Conditions\", \"xref\": \"x\", \"y\": \"Number_of_Vehicles\", \"yref\": \"y\"}, {\"font\": {\"color\": \"#FFFFFF\"}, \"showarrow\": false, \"text\": \"-0.02\", \"x\": \"Weather_Conditions\", \"xref\": \"x\", \"y\": \"Number_of_Vehicles\", \"yref\": \"y\"}, {\"font\": {\"color\": \"#FFFFFF\"}, \"showarrow\": false, \"text\": \"-0.01\", \"x\": \"Road_Surface_Conditions\", \"xref\": \"x\", \"y\": \"Number_of_Vehicles\", \"yref\": \"y\"}, {\"font\": {\"color\": \"#FFFFFF\"}, \"showarrow\": false, \"text\": \"-0.09\", \"x\": \"Urban_or_Rural_Area\", \"xref\": \"x\", \"y\": \"Number_of_Vehicles\", \"yref\": \"y\"}, {\"font\": {\"color\": \"#FFFFFF\"}, \"showarrow\": false, \"text\": \"0.05\", \"x\": \"Vehicle_Manoeuvre\", \"xref\": \"x\", \"y\": \"Number_of_Vehicles\", \"yref\": \"y\"}, {\"font\": {\"color\": \"#FFFFFF\"}, \"showarrow\": false, \"text\": \"-0.14\", \"x\": \"1st_Point_of_Impact\", \"xref\": \"x\", \"y\": \"Number_of_Vehicles\", \"yref\": \"y\"}, {\"font\": {\"color\": \"#FFFFFF\"}, \"showarrow\": false, \"text\": \"0.01\", \"x\": \"Sex_of_Driver\", \"xref\": \"x\", \"y\": \"Number_of_Vehicles\", \"yref\": \"y\"}, {\"font\": {\"color\": \"#FFFFFF\"}, \"showarrow\": false, \"text\": \"0.01\", \"x\": \"Age_of_Driver\", \"xref\": \"x\", \"y\": \"Number_of_Vehicles\", \"yref\": \"y\"}, {\"font\": {\"color\": \"#FFFFFF\"}, \"showarrow\": false, \"text\": \"-0.0\", \"x\": \"Engine_Capacity_(CC)\", \"xref\": \"x\", \"y\": \"Number_of_Vehicles\", \"yref\": \"y\"}, {\"font\": {\"color\": \"#FFFFFF\"}, \"showarrow\": false, \"text\": \"-0.02\", \"x\": \"Damage\", \"xref\": \"x\", \"y\": \"Number_of_Vehicles\", \"yref\": \"y\"}, {\"font\": {\"color\": \"#FFFFFF\"}, \"showarrow\": false, \"text\": \"-0.07\", \"x\": \"Number_of_Vehicles\", \"xref\": \"x\", \"y\": \"Road_Type\", \"yref\": \"y\"}, {\"font\": {\"color\": \"#000000\"}, \"showarrow\": false, \"text\": \"1.0\", \"x\": \"Road_Type\", \"xref\": \"x\", \"y\": \"Road_Type\", \"yref\": \"y\"}, {\"font\": {\"color\": \"#FFFFFF\"}, \"showarrow\": false, \"text\": \"-0.39\", \"x\": \"Speed_limit\", \"xref\": \"x\", \"y\": \"Road_Type\", \"yref\": \"y\"}, {\"font\": {\"color\": \"#FFFFFF\"}, \"showarrow\": false, \"text\": \"0.01\", \"x\": \"Light_Conditions\", \"xref\": \"x\", \"y\": \"Road_Type\", \"yref\": \"y\"}, {\"font\": {\"color\": \"#FFFFFF\"}, \"showarrow\": false, \"text\": \"-0.01\", \"x\": \"Weather_Conditions\", \"xref\": \"x\", \"y\": \"Road_Type\", \"yref\": \"y\"}, {\"font\": {\"color\": \"#FFFFFF\"}, \"showarrow\": false, \"text\": \"-0.01\", \"x\": \"Road_Surface_Conditions\", \"xref\": \"x\", \"y\": \"Road_Type\", \"yref\": \"y\"}, {\"font\": {\"color\": \"#FFFFFF\"}, \"showarrow\": false, \"text\": \"0.15\", \"x\": \"Urban_or_Rural_Area\", \"xref\": \"x\", \"y\": \"Road_Type\", \"yref\": \"y\"}, {\"font\": {\"color\": \"#FFFFFF\"}, \"showarrow\": false, \"text\": \"0.04\", \"x\": \"Vehicle_Manoeuvre\", \"xref\": \"x\", \"y\": \"Road_Type\", \"yref\": \"y\"}, {\"font\": {\"color\": \"#FFFFFF\"}, \"showarrow\": false, \"text\": \"0.05\", \"x\": \"1st_Point_of_Impact\", \"xref\": \"x\", \"y\": \"Road_Type\", \"yref\": \"y\"}, {\"font\": {\"color\": \"#FFFFFF\"}, \"showarrow\": false, \"text\": \"-0.0\", \"x\": \"Sex_of_Driver\", \"xref\": \"x\", \"y\": \"Road_Type\", \"yref\": \"y\"}, {\"font\": {\"color\": \"#FFFFFF\"}, \"showarrow\": false, \"text\": \"0.01\", \"x\": \"Age_of_Driver\", \"xref\": \"x\", \"y\": \"Road_Type\", \"yref\": \"y\"}, {\"font\": {\"color\": \"#FFFFFF\"}, \"showarrow\": false, \"text\": \"-0.06\", \"x\": \"Engine_Capacity_(CC)\", \"xref\": \"x\", \"y\": \"Road_Type\", \"yref\": \"y\"}, {\"font\": {\"color\": \"#FFFFFF\"}, \"showarrow\": false, \"text\": \"-0.02\", \"x\": \"Damage\", \"xref\": \"x\", \"y\": \"Road_Type\", \"yref\": \"y\"}, {\"font\": {\"color\": \"#FFFFFF\"}, \"showarrow\": false, \"text\": \"0.16\", \"x\": \"Number_of_Vehicles\", \"xref\": \"x\", \"y\": \"Speed_limit\", \"yref\": \"y\"}, {\"font\": {\"color\": \"#FFFFFF\"}, \"showarrow\": false, \"text\": \"-0.39\", \"x\": \"Road_Type\", \"xref\": \"x\", \"y\": \"Speed_limit\", \"yref\": \"y\"}, {\"font\": {\"color\": \"#000000\"}, \"showarrow\": false, \"text\": \"1.0\", \"x\": \"Speed_limit\", \"xref\": \"x\", \"y\": \"Speed_limit\", \"yref\": \"y\"}, {\"font\": {\"color\": \"#FFFFFF\"}, \"showarrow\": false, \"text\": \"0.01\", \"x\": \"Light_Conditions\", \"xref\": \"x\", \"y\": \"Speed_limit\", \"yref\": \"y\"}, {\"font\": {\"color\": \"#FFFFFF\"}, \"showarrow\": false, \"text\": \"0.01\", \"x\": \"Weather_Conditions\", \"xref\": \"x\", \"y\": \"Speed_limit\", \"yref\": \"y\"}, {\"font\": {\"color\": \"#FFFFFF\"}, \"showarrow\": false, \"text\": \"0.02\", \"x\": \"Road_Surface_Conditions\", \"xref\": \"x\", \"y\": \"Speed_limit\", \"yref\": \"y\"}, {\"font\": {\"color\": \"#FFFFFF\"}, \"showarrow\": false, \"text\": \"-0.54\", \"x\": \"Urban_or_Rural_Area\", \"xref\": \"x\", \"y\": \"Speed_limit\", \"yref\": \"y\"}, {\"font\": {\"color\": \"#FFFFFF\"}, \"showarrow\": false, \"text\": \"-0.04\", \"x\": \"Vehicle_Manoeuvre\", \"xref\": \"x\", \"y\": \"Speed_limit\", \"yref\": \"y\"}, {\"font\": {\"color\": \"#FFFFFF\"}, \"showarrow\": false, \"text\": \"-0.1\", \"x\": \"1st_Point_of_Impact\", \"xref\": \"x\", \"y\": \"Speed_limit\", \"yref\": \"y\"}, {\"font\": {\"color\": \"#FFFFFF\"}, \"showarrow\": false, \"text\": \"0.01\", \"x\": \"Sex_of_Driver\", \"xref\": \"x\", \"y\": \"Speed_limit\", \"yref\": \"y\"}, {\"font\": {\"color\": \"#FFFFFF\"}, \"showarrow\": false, \"text\": \"0.02\", \"x\": \"Age_of_Driver\", \"xref\": \"x\", \"y\": \"Speed_limit\", \"yref\": \"y\"}, {\"font\": {\"color\": \"#FFFFFF\"}, \"showarrow\": false, \"text\": \"0.08\", \"x\": \"Engine_Capacity_(CC)\", \"xref\": \"x\", \"y\": \"Speed_limit\", \"yref\": \"y\"}, {\"font\": {\"color\": \"#FFFFFF\"}, \"showarrow\": false, \"text\": \"0.01\", \"x\": \"Damage\", \"xref\": \"x\", \"y\": \"Speed_limit\", \"yref\": \"y\"}, {\"font\": {\"color\": \"#FFFFFF\"}, \"showarrow\": false, \"text\": \"0.02\", \"x\": \"Number_of_Vehicles\", \"xref\": \"x\", \"y\": \"Light_Conditions\", \"yref\": \"y\"}, {\"font\": {\"color\": \"#FFFFFF\"}, \"showarrow\": false, \"text\": \"0.01\", \"x\": \"Road_Type\", \"xref\": \"x\", \"y\": \"Light_Conditions\", \"yref\": \"y\"}, {\"font\": {\"color\": \"#FFFFFF\"}, \"showarrow\": false, \"text\": \"0.01\", \"x\": \"Speed_limit\", \"xref\": \"x\", \"y\": \"Light_Conditions\", \"yref\": \"y\"}, {\"font\": {\"color\": \"#000000\"}, \"showarrow\": false, \"text\": \"1.0\", \"x\": \"Light_Conditions\", \"xref\": \"x\", \"y\": \"Light_Conditions\", \"yref\": \"y\"}, {\"font\": {\"color\": \"#FFFFFF\"}, \"showarrow\": false, \"text\": \"-0.13\", \"x\": \"Weather_Conditions\", \"xref\": \"x\", \"y\": \"Light_Conditions\", \"yref\": \"y\"}, {\"font\": {\"color\": \"#FFFFFF\"}, \"showarrow\": false, \"text\": \"-0.21\", \"x\": \"Road_Surface_Conditions\", \"xref\": \"x\", \"y\": \"Light_Conditions\", \"yref\": \"y\"}, {\"font\": {\"color\": \"#FFFFFF\"}, \"showarrow\": false, \"text\": \"-0.03\", \"x\": \"Urban_or_Rural_Area\", \"xref\": \"x\", \"y\": \"Light_Conditions\", \"yref\": \"y\"}, {\"font\": {\"color\": \"#FFFFFF\"}, \"showarrow\": false, \"text\": \"0.04\", \"x\": \"Vehicle_Manoeuvre\", \"xref\": \"x\", \"y\": \"Light_Conditions\", \"yref\": \"y\"}, {\"font\": {\"color\": \"#FFFFFF\"}, \"showarrow\": false, \"text\": \"-0.05\", \"x\": \"1st_Point_of_Impact\", \"xref\": \"x\", \"y\": \"Light_Conditions\", \"yref\": \"y\"}, {\"font\": {\"color\": \"#FFFFFF\"}, \"showarrow\": false, \"text\": \"-0.08\", \"x\": \"Sex_of_Driver\", \"xref\": \"x\", \"y\": \"Light_Conditions\", \"yref\": \"y\"}, {\"font\": {\"color\": \"#FFFFFF\"}, \"showarrow\": false, \"text\": \"0.11\", \"x\": \"Age_of_Driver\", \"xref\": \"x\", \"y\": \"Light_Conditions\", \"yref\": \"y\"}, {\"font\": {\"color\": \"#FFFFFF\"}, \"showarrow\": false, \"text\": \"0.03\", \"x\": \"Engine_Capacity_(CC)\", \"xref\": \"x\", \"y\": \"Light_Conditions\", \"yref\": \"y\"}, {\"font\": {\"color\": \"#FFFFFF\"}, \"showarrow\": false, \"text\": \"0.04\", \"x\": \"Damage\", \"xref\": \"x\", \"y\": \"Light_Conditions\", \"yref\": \"y\"}, {\"font\": {\"color\": \"#FFFFFF\"}, \"showarrow\": false, \"text\": \"-0.02\", \"x\": \"Number_of_Vehicles\", \"xref\": \"x\", \"y\": \"Weather_Conditions\", \"yref\": \"y\"}, {\"font\": {\"color\": \"#FFFFFF\"}, \"showarrow\": false, \"text\": \"-0.01\", \"x\": \"Road_Type\", \"xref\": \"x\", \"y\": \"Weather_Conditions\", \"yref\": \"y\"}, {\"font\": {\"color\": \"#FFFFFF\"}, \"showarrow\": false, \"text\": \"0.01\", \"x\": \"Speed_limit\", \"xref\": \"x\", \"y\": \"Weather_Conditions\", \"yref\": \"y\"}, {\"font\": {\"color\": \"#FFFFFF\"}, \"showarrow\": false, \"text\": \"-0.13\", \"x\": \"Light_Conditions\", \"xref\": \"x\", \"y\": \"Weather_Conditions\", \"yref\": \"y\"}, {\"font\": {\"color\": \"#000000\"}, \"showarrow\": false, \"text\": \"1.0\", \"x\": \"Weather_Conditions\", \"xref\": \"x\", \"y\": \"Weather_Conditions\", \"yref\": \"y\"}, {\"font\": {\"color\": \"#000000\"}, \"showarrow\": false, \"text\": \"0.63\", \"x\": \"Road_Surface_Conditions\", \"xref\": \"x\", \"y\": \"Weather_Conditions\", \"yref\": \"y\"}, {\"font\": {\"color\": \"#FFFFFF\"}, \"showarrow\": false, \"text\": \"-0.01\", \"x\": \"Urban_or_Rural_Area\", \"xref\": \"x\", \"y\": \"Weather_Conditions\", \"yref\": \"y\"}, {\"font\": {\"color\": \"#FFFFFF\"}, \"showarrow\": false, \"text\": \"-0.0\", \"x\": \"Vehicle_Manoeuvre\", \"xref\": \"x\", \"y\": \"Weather_Conditions\", \"yref\": \"y\"}, {\"font\": {\"color\": \"#FFFFFF\"}, \"showarrow\": false, \"text\": \"-0.0\", \"x\": \"1st_Point_of_Impact\", \"xref\": \"x\", \"y\": \"Weather_Conditions\", \"yref\": \"y\"}, {\"font\": {\"color\": \"#FFFFFF\"}, \"showarrow\": false, \"text\": \"-0.01\", \"x\": \"Sex_of_Driver\", \"xref\": \"x\", \"y\": \"Weather_Conditions\", \"yref\": \"y\"}, {\"font\": {\"color\": \"#FFFFFF\"}, \"showarrow\": false, \"text\": \"-0.02\", \"x\": \"Age_of_Driver\", \"xref\": \"x\", \"y\": \"Weather_Conditions\", \"yref\": \"y\"}, {\"font\": {\"color\": \"#FFFFFF\"}, \"showarrow\": false, \"text\": \"-0.02\", \"x\": \"Engine_Capacity_(CC)\", \"xref\": \"x\", \"y\": \"Weather_Conditions\", \"yref\": \"y\"}, {\"font\": {\"color\": \"#FFFFFF\"}, \"showarrow\": false, \"text\": \"0.03\", \"x\": \"Damage\", \"xref\": \"x\", \"y\": \"Weather_Conditions\", \"yref\": \"y\"}, {\"font\": {\"color\": \"#FFFFFF\"}, \"showarrow\": false, \"text\": \"-0.01\", \"x\": \"Number_of_Vehicles\", \"xref\": \"x\", \"y\": \"Road_Surface_Conditions\", \"yref\": \"y\"}, {\"font\": {\"color\": \"#FFFFFF\"}, \"showarrow\": false, \"text\": \"-0.01\", \"x\": \"Road_Type\", \"xref\": \"x\", \"y\": \"Road_Surface_Conditions\", \"yref\": \"y\"}, {\"font\": {\"color\": \"#FFFFFF\"}, \"showarrow\": false, \"text\": \"0.02\", \"x\": \"Speed_limit\", \"xref\": \"x\", \"y\": \"Road_Surface_Conditions\", \"yref\": \"y\"}, {\"font\": {\"color\": \"#FFFFFF\"}, \"showarrow\": false, \"text\": \"-0.21\", \"x\": \"Light_Conditions\", \"xref\": \"x\", \"y\": \"Road_Surface_Conditions\", \"yref\": \"y\"}, {\"font\": {\"color\": \"#000000\"}, \"showarrow\": false, \"text\": \"0.63\", \"x\": \"Weather_Conditions\", \"xref\": \"x\", \"y\": \"Road_Surface_Conditions\", \"yref\": \"y\"}, {\"font\": {\"color\": \"#000000\"}, \"showarrow\": false, \"text\": \"1.0\", \"x\": \"Road_Surface_Conditions\", \"xref\": \"x\", \"y\": \"Road_Surface_Conditions\", \"yref\": \"y\"}, {\"font\": {\"color\": \"#FFFFFF\"}, \"showarrow\": false, \"text\": \"-0.01\", \"x\": \"Urban_or_Rural_Area\", \"xref\": \"x\", \"y\": \"Road_Surface_Conditions\", \"yref\": \"y\"}, {\"font\": {\"color\": \"#FFFFFF\"}, \"showarrow\": false, \"text\": \"-0.01\", \"x\": \"Vehicle_Manoeuvre\", \"xref\": \"x\", \"y\": \"Road_Surface_Conditions\", \"yref\": \"y\"}, {\"font\": {\"color\": \"#FFFFFF\"}, \"showarrow\": false, \"text\": \"0.0\", \"x\": \"1st_Point_of_Impact\", \"xref\": \"x\", \"y\": \"Road_Surface_Conditions\", \"yref\": \"y\"}, {\"font\": {\"color\": \"#FFFFFF\"}, \"showarrow\": false, \"text\": \"-0.0\", \"x\": \"Sex_of_Driver\", \"xref\": \"x\", \"y\": \"Road_Surface_Conditions\", \"yref\": \"y\"}, {\"font\": {\"color\": \"#FFFFFF\"}, \"showarrow\": false, \"text\": \"-0.03\", \"x\": \"Age_of_Driver\", \"xref\": \"x\", \"y\": \"Road_Surface_Conditions\", \"yref\": \"y\"}, {\"font\": {\"color\": \"#FFFFFF\"}, \"showarrow\": false, \"text\": \"-0.02\", \"x\": \"Engine_Capacity_(CC)\", \"xref\": \"x\", \"y\": \"Road_Surface_Conditions\", \"yref\": \"y\"}, {\"font\": {\"color\": \"#FFFFFF\"}, \"showarrow\": false, \"text\": \"0.03\", \"x\": \"Damage\", \"xref\": \"x\", \"y\": \"Road_Surface_Conditions\", \"yref\": \"y\"}, {\"font\": {\"color\": \"#FFFFFF\"}, \"showarrow\": false, \"text\": \"-0.09\", \"x\": \"Number_of_Vehicles\", \"xref\": \"x\", \"y\": \"Urban_or_Rural_Area\", \"yref\": \"y\"}, {\"font\": {\"color\": \"#FFFFFF\"}, \"showarrow\": false, \"text\": \"0.15\", \"x\": \"Road_Type\", \"xref\": \"x\", \"y\": \"Urban_or_Rural_Area\", \"yref\": \"y\"}, {\"font\": {\"color\": \"#FFFFFF\"}, \"showarrow\": false, \"text\": \"-0.54\", \"x\": \"Speed_limit\", \"xref\": \"x\", \"y\": \"Urban_or_Rural_Area\", \"yref\": \"y\"}, {\"font\": {\"color\": \"#FFFFFF\"}, \"showarrow\": false, \"text\": \"-0.03\", \"x\": \"Light_Conditions\", \"xref\": \"x\", \"y\": \"Urban_or_Rural_Area\", \"yref\": \"y\"}, {\"font\": {\"color\": \"#FFFFFF\"}, \"showarrow\": false, \"text\": \"-0.01\", \"x\": \"Weather_Conditions\", \"xref\": \"x\", \"y\": \"Urban_or_Rural_Area\", \"yref\": \"y\"}, {\"font\": {\"color\": \"#FFFFFF\"}, \"showarrow\": false, \"text\": \"-0.01\", \"x\": \"Road_Surface_Conditions\", \"xref\": \"x\", \"y\": \"Urban_or_Rural_Area\", \"yref\": \"y\"}, {\"font\": {\"color\": \"#000000\"}, \"showarrow\": false, \"text\": \"1.0\", \"x\": \"Urban_or_Rural_Area\", \"xref\": \"x\", \"y\": \"Urban_or_Rural_Area\", \"yref\": \"y\"}, {\"font\": {\"color\": \"#FFFFFF\"}, \"showarrow\": false, \"text\": \"0.02\", \"x\": \"Vehicle_Manoeuvre\", \"xref\": \"x\", \"y\": \"Urban_or_Rural_Area\", \"yref\": \"y\"}, {\"font\": {\"color\": \"#FFFFFF\"}, \"showarrow\": false, \"text\": \"0.06\", \"x\": \"1st_Point_of_Impact\", \"xref\": \"x\", \"y\": \"Urban_or_Rural_Area\", \"yref\": \"y\"}, {\"font\": {\"color\": \"#FFFFFF\"}, \"showarrow\": false, \"text\": \"-0.0\", \"x\": \"Sex_of_Driver\", \"xref\": \"x\", \"y\": \"Urban_or_Rural_Area\", \"yref\": \"y\"}, {\"font\": {\"color\": \"#FFFFFF\"}, \"showarrow\": false, \"text\": \"-0.02\", \"x\": \"Age_of_Driver\", \"xref\": \"x\", \"y\": \"Urban_or_Rural_Area\", \"yref\": \"y\"}, {\"font\": {\"color\": \"#FFFFFF\"}, \"showarrow\": false, \"text\": \"-0.05\", \"x\": \"Engine_Capacity_(CC)\", \"xref\": \"x\", \"y\": \"Urban_or_Rural_Area\", \"yref\": \"y\"}, {\"font\": {\"color\": \"#FFFFFF\"}, \"showarrow\": false, \"text\": \"0.01\", \"x\": \"Damage\", \"xref\": \"x\", \"y\": \"Urban_or_Rural_Area\", \"yref\": \"y\"}, {\"font\": {\"color\": \"#FFFFFF\"}, \"showarrow\": false, \"text\": \"0.05\", \"x\": \"Number_of_Vehicles\", \"xref\": \"x\", \"y\": \"Vehicle_Manoeuvre\", \"yref\": \"y\"}, {\"font\": {\"color\": \"#FFFFFF\"}, \"showarrow\": false, \"text\": \"0.04\", \"x\": \"Road_Type\", \"xref\": \"x\", \"y\": \"Vehicle_Manoeuvre\", \"yref\": \"y\"}, {\"font\": {\"color\": \"#FFFFFF\"}, \"showarrow\": false, \"text\": \"-0.04\", \"x\": \"Speed_limit\", \"xref\": \"x\", \"y\": \"Vehicle_Manoeuvre\", \"yref\": \"y\"}, {\"font\": {\"color\": \"#FFFFFF\"}, \"showarrow\": false, \"text\": \"0.04\", \"x\": \"Light_Conditions\", \"xref\": \"x\", \"y\": \"Vehicle_Manoeuvre\", \"yref\": \"y\"}, {\"font\": {\"color\": \"#FFFFFF\"}, \"showarrow\": false, \"text\": \"-0.0\", \"x\": \"Weather_Conditions\", \"xref\": \"x\", \"y\": \"Vehicle_Manoeuvre\", \"yref\": \"y\"}, {\"font\": {\"color\": \"#FFFFFF\"}, \"showarrow\": false, \"text\": \"-0.01\", \"x\": \"Road_Surface_Conditions\", \"xref\": \"x\", \"y\": \"Vehicle_Manoeuvre\", \"yref\": \"y\"}, {\"font\": {\"color\": \"#FFFFFF\"}, \"showarrow\": false, \"text\": \"0.02\", \"x\": \"Urban_or_Rural_Area\", \"xref\": \"x\", \"y\": \"Vehicle_Manoeuvre\", \"yref\": \"y\"}, {\"font\": {\"color\": \"#000000\"}, \"showarrow\": false, \"text\": \"1.0\", \"x\": \"Vehicle_Manoeuvre\", \"xref\": \"x\", \"y\": \"Vehicle_Manoeuvre\", \"yref\": \"y\"}, {\"font\": {\"color\": \"#FFFFFF\"}, \"showarrow\": false, \"text\": \"-0.12\", \"x\": \"1st_Point_of_Impact\", \"xref\": \"x\", \"y\": \"Vehicle_Manoeuvre\", \"yref\": \"y\"}, {\"font\": {\"color\": \"#FFFFFF\"}, \"showarrow\": false, \"text\": \"-0.05\", \"x\": \"Sex_of_Driver\", \"xref\": \"x\", \"y\": \"Vehicle_Manoeuvre\", \"yref\": \"y\"}, {\"font\": {\"color\": \"#FFFFFF\"}, \"showarrow\": false, \"text\": \"0.02\", \"x\": \"Age_of_Driver\", \"xref\": \"x\", \"y\": \"Vehicle_Manoeuvre\", \"yref\": \"y\"}, {\"font\": {\"color\": \"#FFFFFF\"}, \"showarrow\": false, \"text\": \"-0.05\", \"x\": \"Engine_Capacity_(CC)\", \"xref\": \"x\", \"y\": \"Vehicle_Manoeuvre\", \"yref\": \"y\"}, {\"font\": {\"color\": \"#FFFFFF\"}, \"showarrow\": false, \"text\": \"-0.01\", \"x\": \"Damage\", \"xref\": \"x\", \"y\": \"Vehicle_Manoeuvre\", \"yref\": \"y\"}, {\"font\": {\"color\": \"#FFFFFF\"}, \"showarrow\": false, \"text\": \"-0.14\", \"x\": \"Number_of_Vehicles\", \"xref\": \"x\", \"y\": \"1st_Point_of_Impact\", \"yref\": \"y\"}, {\"font\": {\"color\": \"#FFFFFF\"}, \"showarrow\": false, \"text\": \"0.05\", \"x\": \"Road_Type\", \"xref\": \"x\", \"y\": \"1st_Point_of_Impact\", \"yref\": \"y\"}, {\"font\": {\"color\": \"#FFFFFF\"}, \"showarrow\": false, \"text\": \"-0.1\", \"x\": \"Speed_limit\", \"xref\": \"x\", \"y\": \"1st_Point_of_Impact\", \"yref\": \"y\"}, {\"font\": {\"color\": \"#FFFFFF\"}, \"showarrow\": false, \"text\": \"-0.05\", \"x\": \"Light_Conditions\", \"xref\": \"x\", \"y\": \"1st_Point_of_Impact\", \"yref\": \"y\"}, {\"font\": {\"color\": \"#FFFFFF\"}, \"showarrow\": false, \"text\": \"-0.0\", \"x\": \"Weather_Conditions\", \"xref\": \"x\", \"y\": \"1st_Point_of_Impact\", \"yref\": \"y\"}, {\"font\": {\"color\": \"#FFFFFF\"}, \"showarrow\": false, \"text\": \"0.0\", \"x\": \"Road_Surface_Conditions\", \"xref\": \"x\", \"y\": \"1st_Point_of_Impact\", \"yref\": \"y\"}, {\"font\": {\"color\": \"#FFFFFF\"}, \"showarrow\": false, \"text\": \"0.06\", \"x\": \"Urban_or_Rural_Area\", \"xref\": \"x\", \"y\": \"1st_Point_of_Impact\", \"yref\": \"y\"}, {\"font\": {\"color\": \"#FFFFFF\"}, \"showarrow\": false, \"text\": \"-0.12\", \"x\": \"Vehicle_Manoeuvre\", \"xref\": \"x\", \"y\": \"1st_Point_of_Impact\", \"yref\": \"y\"}, {\"font\": {\"color\": \"#000000\"}, \"showarrow\": false, \"text\": \"1.0\", \"x\": \"1st_Point_of_Impact\", \"xref\": \"x\", \"y\": \"1st_Point_of_Impact\", \"yref\": \"y\"}, {\"font\": {\"color\": \"#FFFFFF\"}, \"showarrow\": false, \"text\": \"0.03\", \"x\": \"Sex_of_Driver\", \"xref\": \"x\", \"y\": \"1st_Point_of_Impact\", \"yref\": \"y\"}, {\"font\": {\"color\": \"#FFFFFF\"}, \"showarrow\": false, \"text\": \"0.02\", \"x\": \"Age_of_Driver\", \"xref\": \"x\", \"y\": \"1st_Point_of_Impact\", \"yref\": \"y\"}, {\"font\": {\"color\": \"#FFFFFF\"}, \"showarrow\": false, \"text\": \"0.02\", \"x\": \"Engine_Capacity_(CC)\", \"xref\": \"x\", \"y\": \"1st_Point_of_Impact\", \"yref\": \"y\"}, {\"font\": {\"color\": \"#FFFFFF\"}, \"showarrow\": false, \"text\": \"-0.06\", \"x\": \"Damage\", \"xref\": \"x\", \"y\": \"1st_Point_of_Impact\", \"yref\": \"y\"}, {\"font\": {\"color\": \"#FFFFFF\"}, \"showarrow\": false, \"text\": \"0.01\", \"x\": \"Number_of_Vehicles\", \"xref\": \"x\", \"y\": \"Sex_of_Driver\", \"yref\": \"y\"}, {\"font\": {\"color\": \"#FFFFFF\"}, \"showarrow\": false, \"text\": \"-0.0\", \"x\": \"Road_Type\", \"xref\": \"x\", \"y\": \"Sex_of_Driver\", \"yref\": \"y\"}, {\"font\": {\"color\": \"#FFFFFF\"}, \"showarrow\": false, \"text\": \"0.01\", \"x\": \"Speed_limit\", \"xref\": \"x\", \"y\": \"Sex_of_Driver\", \"yref\": \"y\"}, {\"font\": {\"color\": \"#FFFFFF\"}, \"showarrow\": false, \"text\": \"-0.08\", \"x\": \"Light_Conditions\", \"xref\": \"x\", \"y\": \"Sex_of_Driver\", \"yref\": \"y\"}, {\"font\": {\"color\": \"#FFFFFF\"}, \"showarrow\": false, \"text\": \"-0.01\", \"x\": \"Weather_Conditions\", \"xref\": \"x\", \"y\": \"Sex_of_Driver\", \"yref\": \"y\"}, {\"font\": {\"color\": \"#FFFFFF\"}, \"showarrow\": false, \"text\": \"-0.0\", \"x\": \"Road_Surface_Conditions\", \"xref\": \"x\", \"y\": \"Sex_of_Driver\", \"yref\": \"y\"}, {\"font\": {\"color\": \"#FFFFFF\"}, \"showarrow\": false, \"text\": \"-0.0\", \"x\": \"Urban_or_Rural_Area\", \"xref\": \"x\", \"y\": \"Sex_of_Driver\", \"yref\": \"y\"}, {\"font\": {\"color\": \"#FFFFFF\"}, \"showarrow\": false, \"text\": \"-0.05\", \"x\": \"Vehicle_Manoeuvre\", \"xref\": \"x\", \"y\": \"Sex_of_Driver\", \"yref\": \"y\"}, {\"font\": {\"color\": \"#FFFFFF\"}, \"showarrow\": false, \"text\": \"0.03\", \"x\": \"1st_Point_of_Impact\", \"xref\": \"x\", \"y\": \"Sex_of_Driver\", \"yref\": \"y\"}, {\"font\": {\"color\": \"#000000\"}, \"showarrow\": false, \"text\": \"1.0\", \"x\": \"Sex_of_Driver\", \"xref\": \"x\", \"y\": \"Sex_of_Driver\", \"yref\": \"y\"}, {\"font\": {\"color\": \"#FFFFFF\"}, \"showarrow\": false, \"text\": \"0.03\", \"x\": \"Age_of_Driver\", \"xref\": \"x\", \"y\": \"Sex_of_Driver\", \"yref\": \"y\"}, {\"font\": {\"color\": \"#FFFFFF\"}, \"showarrow\": false, \"text\": \"0.17\", \"x\": \"Engine_Capacity_(CC)\", \"xref\": \"x\", \"y\": \"Sex_of_Driver\", \"yref\": \"y\"}, {\"font\": {\"color\": \"#FFFFFF\"}, \"showarrow\": false, \"text\": \"-0.03\", \"x\": \"Damage\", \"xref\": \"x\", \"y\": \"Sex_of_Driver\", \"yref\": \"y\"}, {\"font\": {\"color\": \"#FFFFFF\"}, \"showarrow\": false, \"text\": \"0.01\", \"x\": \"Number_of_Vehicles\", \"xref\": \"x\", \"y\": \"Age_of_Driver\", \"yref\": \"y\"}, {\"font\": {\"color\": \"#FFFFFF\"}, \"showarrow\": false, \"text\": \"0.01\", \"x\": \"Road_Type\", \"xref\": \"x\", \"y\": \"Age_of_Driver\", \"yref\": \"y\"}, {\"font\": {\"color\": \"#FFFFFF\"}, \"showarrow\": false, \"text\": \"0.02\", \"x\": \"Speed_limit\", \"xref\": \"x\", \"y\": \"Age_of_Driver\", \"yref\": \"y\"}, {\"font\": {\"color\": \"#FFFFFF\"}, \"showarrow\": false, \"text\": \"0.11\", \"x\": \"Light_Conditions\", \"xref\": \"x\", \"y\": \"Age_of_Driver\", \"yref\": \"y\"}, {\"font\": {\"color\": \"#FFFFFF\"}, \"showarrow\": false, \"text\": \"-0.02\", \"x\": \"Weather_Conditions\", \"xref\": \"x\", \"y\": \"Age_of_Driver\", \"yref\": \"y\"}, {\"font\": {\"color\": \"#FFFFFF\"}, \"showarrow\": false, \"text\": \"-0.03\", \"x\": \"Road_Surface_Conditions\", \"xref\": \"x\", \"y\": \"Age_of_Driver\", \"yref\": \"y\"}, {\"font\": {\"color\": \"#FFFFFF\"}, \"showarrow\": false, \"text\": \"-0.02\", \"x\": \"Urban_or_Rural_Area\", \"xref\": \"x\", \"y\": \"Age_of_Driver\", \"yref\": \"y\"}, {\"font\": {\"color\": \"#FFFFFF\"}, \"showarrow\": false, \"text\": \"0.02\", \"x\": \"Vehicle_Manoeuvre\", \"xref\": \"x\", \"y\": \"Age_of_Driver\", \"yref\": \"y\"}, {\"font\": {\"color\": \"#FFFFFF\"}, \"showarrow\": false, \"text\": \"0.02\", \"x\": \"1st_Point_of_Impact\", \"xref\": \"x\", \"y\": \"Age_of_Driver\", \"yref\": \"y\"}, {\"font\": {\"color\": \"#FFFFFF\"}, \"showarrow\": false, \"text\": \"0.03\", \"x\": \"Sex_of_Driver\", \"xref\": \"x\", \"y\": \"Age_of_Driver\", \"yref\": \"y\"}, {\"font\": {\"color\": \"#000000\"}, \"showarrow\": false, \"text\": \"1.0\", \"x\": \"Age_of_Driver\", \"xref\": \"x\", \"y\": \"Age_of_Driver\", \"yref\": \"y\"}, {\"font\": {\"color\": \"#FFFFFF\"}, \"showarrow\": false, \"text\": \"0.09\", \"x\": \"Engine_Capacity_(CC)\", \"xref\": \"x\", \"y\": \"Age_of_Driver\", \"yref\": \"y\"}, {\"font\": {\"color\": \"#FFFFFF\"}, \"showarrow\": false, \"text\": \"-0.02\", \"x\": \"Damage\", \"xref\": \"x\", \"y\": \"Age_of_Driver\", \"yref\": \"y\"}, {\"font\": {\"color\": \"#FFFFFF\"}, \"showarrow\": false, \"text\": \"-0.0\", \"x\": \"Number_of_Vehicles\", \"xref\": \"x\", \"y\": \"Engine_Capacity_(CC)\", \"yref\": \"y\"}, {\"font\": {\"color\": \"#FFFFFF\"}, \"showarrow\": false, \"text\": \"-0.06\", \"x\": \"Road_Type\", \"xref\": \"x\", \"y\": \"Engine_Capacity_(CC)\", \"yref\": \"y\"}, {\"font\": {\"color\": \"#FFFFFF\"}, \"showarrow\": false, \"text\": \"0.08\", \"x\": \"Speed_limit\", \"xref\": \"x\", \"y\": \"Engine_Capacity_(CC)\", \"yref\": \"y\"}, {\"font\": {\"color\": \"#FFFFFF\"}, \"showarrow\": false, \"text\": \"0.03\", \"x\": \"Light_Conditions\", \"xref\": \"x\", \"y\": \"Engine_Capacity_(CC)\", \"yref\": \"y\"}, {\"font\": {\"color\": \"#FFFFFF\"}, \"showarrow\": false, \"text\": \"-0.02\", \"x\": \"Weather_Conditions\", \"xref\": \"x\", \"y\": \"Engine_Capacity_(CC)\", \"yref\": \"y\"}, {\"font\": {\"color\": \"#FFFFFF\"}, \"showarrow\": false, \"text\": \"-0.02\", \"x\": \"Road_Surface_Conditions\", \"xref\": \"x\", \"y\": \"Engine_Capacity_(CC)\", \"yref\": \"y\"}, {\"font\": {\"color\": \"#FFFFFF\"}, \"showarrow\": false, \"text\": \"-0.05\", \"x\": \"Urban_or_Rural_Area\", \"xref\": \"x\", \"y\": \"Engine_Capacity_(CC)\", \"yref\": \"y\"}, {\"font\": {\"color\": \"#FFFFFF\"}, \"showarrow\": false, \"text\": \"-0.05\", \"x\": \"Vehicle_Manoeuvre\", \"xref\": \"x\", \"y\": \"Engine_Capacity_(CC)\", \"yref\": \"y\"}, {\"font\": {\"color\": \"#FFFFFF\"}, \"showarrow\": false, \"text\": \"0.02\", \"x\": \"1st_Point_of_Impact\", \"xref\": \"x\", \"y\": \"Engine_Capacity_(CC)\", \"yref\": \"y\"}, {\"font\": {\"color\": \"#FFFFFF\"}, \"showarrow\": false, \"text\": \"0.17\", \"x\": \"Sex_of_Driver\", \"xref\": \"x\", \"y\": \"Engine_Capacity_(CC)\", \"yref\": \"y\"}, {\"font\": {\"color\": \"#FFFFFF\"}, \"showarrow\": false, \"text\": \"0.09\", \"x\": \"Age_of_Driver\", \"xref\": \"x\", \"y\": \"Engine_Capacity_(CC)\", \"yref\": \"y\"}, {\"font\": {\"color\": \"#000000\"}, \"showarrow\": false, \"text\": \"1.0\", \"x\": \"Engine_Capacity_(CC)\", \"xref\": \"x\", \"y\": \"Engine_Capacity_(CC)\", \"yref\": \"y\"}, {\"font\": {\"color\": \"#FFFFFF\"}, \"showarrow\": false, \"text\": \"-0.01\", \"x\": \"Damage\", \"xref\": \"x\", \"y\": \"Engine_Capacity_(CC)\", \"yref\": \"y\"}, {\"font\": {\"color\": \"#FFFFFF\"}, \"showarrow\": false, \"text\": \"-0.02\", \"x\": \"Number_of_Vehicles\", \"xref\": \"x\", \"y\": \"Damage\", \"yref\": \"y\"}, {\"font\": {\"color\": \"#FFFFFF\"}, \"showarrow\": false, \"text\": \"-0.02\", \"x\": \"Road_Type\", \"xref\": \"x\", \"y\": \"Damage\", \"yref\": \"y\"}, {\"font\": {\"color\": \"#FFFFFF\"}, \"showarrow\": false, \"text\": \"0.01\", \"x\": \"Speed_limit\", \"xref\": \"x\", \"y\": \"Damage\", \"yref\": \"y\"}, {\"font\": {\"color\": \"#FFFFFF\"}, \"showarrow\": false, \"text\": \"0.04\", \"x\": \"Light_Conditions\", \"xref\": \"x\", \"y\": \"Damage\", \"yref\": \"y\"}, {\"font\": {\"color\": \"#FFFFFF\"}, \"showarrow\": false, \"text\": \"0.03\", \"x\": \"Weather_Conditions\", \"xref\": \"x\", \"y\": \"Damage\", \"yref\": \"y\"}, {\"font\": {\"color\": \"#FFFFFF\"}, \"showarrow\": false, \"text\": \"0.03\", \"x\": \"Road_Surface_Conditions\", \"xref\": \"x\", \"y\": \"Damage\", \"yref\": \"y\"}, {\"font\": {\"color\": \"#FFFFFF\"}, \"showarrow\": false, \"text\": \"0.01\", \"x\": \"Urban_or_Rural_Area\", \"xref\": \"x\", \"y\": \"Damage\", \"yref\": \"y\"}, {\"font\": {\"color\": \"#FFFFFF\"}, \"showarrow\": false, \"text\": \"-0.01\", \"x\": \"Vehicle_Manoeuvre\", \"xref\": \"x\", \"y\": \"Damage\", \"yref\": \"y\"}, {\"font\": {\"color\": \"#FFFFFF\"}, \"showarrow\": false, \"text\": \"-0.06\", \"x\": \"1st_Point_of_Impact\", \"xref\": \"x\", \"y\": \"Damage\", \"yref\": \"y\"}, {\"font\": {\"color\": \"#FFFFFF\"}, \"showarrow\": false, \"text\": \"-0.03\", \"x\": \"Sex_of_Driver\", \"xref\": \"x\", \"y\": \"Damage\", \"yref\": \"y\"}, {\